3 0.269792 0.487963 0.048958 0.085185
3 0.417969 0.812037 0.053646 0.133333
3 0.628646 0.823148 0.054167 0.129630
3 0.684115 0.447685 0.060937 0.134259
3 0.523438 0.139815 0.051042 0.066667
3 0.279167 0.224537 0.047917 0.069444
3 0.422917 0.533796 0.051042 0.115741
3 0.471615 0.500463 0.048438 0.091667
1 0.606771 0.179167 0.039583 0.121296
1 0.349479 0.258796 0.037500 0.115741
1 0.339062 0.581019 0.036458 0.104630
1 0.544271 0.544907 0.032292 0.195370
0 0.470313 0.340741 0.287500 0.429630
6 0.463021 0.100926 0.079167 0.200000
