1 0.668490 0.123148 0.038021 0.142593
1 0.353125 0.224537 0.048958 0.152778
1 0.340885 0.611111 0.043229 0.127778
1 0.594271 0.568519 0.039583 0.261111
3 0.269792 0.174074 0.055208 0.092593
3 0.258073 0.502315 0.053646 0.102778
3 0.766927 0.448148 0.068229 0.148148
3 0.697135 0.914815 0.068229 0.153704
3 0.431510 0.901389 0.070312 0.160185
3 0.506510 0.518981 0.060937 0.099074
3 0.442448 0.548148 0.067187 0.142593
3 0.568490 0.086111 0.059896 0.083333
0 0.503646 0.315278 0.350000 0.521296
6 0.492188 0.076389 0.094792 0.150926
10 0.489583 0.178704 0.022917 0.061111
