0 0.486458 0.382870 0.218750 0.467593
1 0.448698 0.675463 0.043229 0.263889
1 0.398177 0.207870 0.041146 0.141667
1 0.594271 0.617593 0.036458 0.122222
1 0.576562 0.218056 0.036458 0.132407
10 0.503906 0.180093 0.042188 0.086111
6 0.501823 0.072685 0.084896 0.143519
3 0.247656 0.843519 0.096354 0.075926
3 0.214583 0.372685 0.095833 0.080556
3 0.398958 0.714352 0.089583 0.084259
3 0.647656 0.837500 0.107813 0.071296
3 0.787500 0.701389 0.106250 0.067593
3 0.604167 0.337500 0.105208 0.084259
3 0.407292 0.373611 0.092708 0.076852
