0 0.486458 0.395370 0.216667 0.470370
1 0.394531 0.225926 0.043229 0.138889
1 0.444531 0.691204 0.040104 0.275000
1 0.589323 0.635648 0.039062 0.123148
1 0.575521 0.234722 0.039583 0.132407
10 0.502865 0.195833 0.041146 0.087963
3 0.213281 0.386574 0.100521 0.082407
3 0.247396 0.858796 0.093750 0.073148
3 0.398177 0.730556 0.090104 0.079630
3 0.647135 0.855093 0.105729 0.073148
3 0.787240 0.720833 0.105729 0.075000
3 0.604948 0.357870 0.104688 0.089815
3 0.405729 0.384722 0.093750 0.073148
6 0.500781 0.081944 0.084896 0.162037
