0 0.489323 0.370370 0.320312 0.490741
1 0.327865 0.665278 0.046354 0.149074
1 0.639844 0.212963 0.044271 0.157407
1 0.353646 0.201852 0.047917 0.150000
1 0.555729 0.744907 0.052083 0.313889
6 0.470313 0.060185 0.110417 0.118519
10 0.470833 0.166667 0.045833 0.101852
3 0.175521 0.323148 0.104167 0.081481
3 0.131510 0.754630 0.105729 0.083333
3 0.368229 0.922222 0.100000 0.085185
3 0.490104 0.736574 0.086458 0.078704
3 0.719271 0.899074 0.094792 0.066667
3 0.798698 0.363426 0.082812 0.104630
3 0.467708 0.337037 0.105208 0.085185
