0 0.471875 0.322222 0.258333 0.492593
1 0.354948 0.156944 0.047396 0.156481
1 0.581250 0.150926 0.044792 0.148148
1 0.590885 0.613889 0.044271 0.138889
1 0.413021 0.695370 0.043750 0.314815
10 0.489844 0.114352 0.040104 0.100926
6 0.489844 0.033333 0.099479 0.064815
3 0.575260 0.323611 0.110937 0.106481
3 0.163802 0.262963 0.102604 0.077778
3 0.388281 0.260185 0.089063 0.055556
3 0.391406 0.650463 0.095312 0.067593
3 0.208594 0.809259 0.096354 0.068519
3 0.616667 0.887963 0.110417 0.092593
3 0.797917 0.718056 0.110417 0.089815
3 0.795833 0.310185 0.109375 0.109259
