0 0.532292 0.316204 0.268750 0.495370
1 0.416406 0.141204 0.048438 0.154630
1 0.402083 0.583796 0.045833 0.141667
1 0.657031 0.165741 0.046354 0.159259
1 0.592187 0.685648 0.043750 0.299074
10 0.510938 0.119444 0.044792 0.109259
3 0.220573 0.305556 0.111979 0.090741
3 0.457031 0.350926 0.111979 0.101852
3 0.190625 0.714352 0.109375 0.093519
3 0.377865 0.911111 0.108854 0.098148
3 0.768490 0.777315 0.094271 0.069444
3 0.840885 0.258796 0.090104 0.078704
3 0.577083 0.607407 0.093750 0.064815
6 0.512760 0.037963 0.099479 0.074074
