0 0.498698 0.384259 0.155729 0.607407
1 0.448698 0.737037 0.060937 0.188889
1 0.435937 0.198611 0.058333 0.204630
1 0.559115 0.700000 0.057813 0.177778
1 0.559635 0.171759 0.053646 0.184259
10 0.503385 0.142130 0.051562 0.154630
3 0.125260 0.361574 0.146354 0.123148
3 0.281510 0.340278 0.146354 0.076852
3 0.152604 0.807870 0.147917 0.089815
3 0.791406 0.914352 0.157812 0.132407
3 0.882031 0.864815 0.158854 0.124074
3 0.745833 0.437500 0.162500 0.113889
3 0.887240 0.422222 0.153646 0.129630
3 0.252083 0.767593 0.139583 0.077778
