0 0.469792 0.334722 0.150000 0.578704
1 0.420312 0.679167 0.057292 0.180556
1 0.410417 0.165278 0.056250 0.184259
1 0.526042 0.634722 0.058333 0.171296
1 0.527083 0.136574 0.052083 0.182407
3 0.702344 0.391204 0.158854 0.117593
3 0.838281 0.376852 0.149479 0.129630
3 0.835417 0.800000 0.152083 0.124074
3 0.748437 0.850000 0.152083 0.127778
3 0.137500 0.744907 0.141667 0.087963
3 0.111719 0.314815 0.142187 0.118519
3 0.258594 0.276852 0.136979 0.092593
3 0.230469 0.699537 0.138021 0.086111
10 0.472135 0.103704 0.055729 0.138889
