0 0.437760 0.292130 0.242188 0.432407
1 0.327083 0.147222 0.042708 0.137037
1 0.384635 0.610648 0.044271 0.262037
1 0.538021 0.144444 0.040625 0.135185
1 0.547656 0.542593 0.042188 0.124074
6 0.448698 0.039352 0.084896 0.073148
10 0.452344 0.112963 0.035937 0.085185
3 0.171354 0.278241 0.089583 0.080556
3 0.211719 0.743519 0.081771 0.066667
3 0.379427 0.599074 0.080729 0.064815
3 0.566146 0.793981 0.094792 0.080556
3 0.727865 0.637963 0.096354 0.074074
3 0.522396 0.290741 0.096875 0.101852
3 0.724219 0.274537 0.096354 0.093519
