0 0.481250 0.485185 0.176042 0.525926
1 0.546354 0.780556 0.052083 0.161111
1 0.416667 0.798148 0.055208 0.166667
1 0.410417 0.318519 0.055208 0.179630
1 0.550521 0.306944 0.052083 0.169444
6 0.483073 0.103241 0.120313 0.204630
10 0.484115 0.270370 0.048438 0.138889
3 0.720573 0.937963 0.143229 0.112963
3 0.832812 0.906481 0.144792 0.107407
3 0.687760 0.512963 0.143229 0.105556
3 0.301042 0.457407 0.132292 0.096296
3 0.133333 0.479167 0.135417 0.117593
3 0.151562 0.877315 0.135417 0.086111
3 0.279427 0.837037 0.128646 0.059259
