0 0.487240 0.301852 0.244271 0.466667
1 0.388542 0.139815 0.045833 0.146296
1 0.543229 0.654167 0.043750 0.291667
1 0.380469 0.568519 0.044271 0.129630
1 0.595313 0.160648 0.043750 0.154630
6 0.469271 0.032407 0.086458 0.062963
10 0.468490 0.112037 0.039062 0.101852
3 0.158333 0.685185 0.108333 0.085185
3 0.189583 0.300000 0.108333 0.083333
3 0.384896 0.339815 0.113542 0.092593
3 0.322656 0.866667 0.113021 0.101852
3 0.733333 0.769907 0.102083 0.069444
3 0.565365 0.607407 0.098437 0.064815
3 0.795833 0.270833 0.098958 0.080556
3 0.581771 0.264352 0.094792 0.052778
