0 0.458854 0.291204 0.229167 0.545370
1 0.364583 0.135185 0.055208 0.172222
1 0.413802 0.704167 0.048438 0.330556
1 0.558594 0.589352 0.048438 0.145370
1 0.550260 0.111111 0.044271 0.164815
10 0.477344 0.075463 0.038021 0.115741
3 0.805990 0.716204 0.132812 0.087963
3 0.674740 0.931481 0.138021 0.101852
3 0.646875 0.333796 0.139583 0.126852
3 0.810677 0.287037 0.131771 0.112963
3 0.321354 0.236111 0.115625 0.075926
3 0.120052 0.270833 0.127604 0.089815
3 0.308594 0.649537 0.117188 0.084259
3 0.152083 0.853241 0.123958 0.082407
