0 0.410938 0.305556 0.289583 0.438889
1 0.349740 0.623611 0.039062 0.241667
1 0.283073 0.200926 0.041146 0.131481
1 0.547135 0.535185 0.041146 0.105556
1 0.526042 0.150463 0.039583 0.130556
6 0.424479 0.055093 0.087500 0.108333
10 0.425000 0.147685 0.041667 0.087963
3 0.168490 0.287500 0.065104 0.062037
3 0.418229 0.411111 0.080208 0.107407
3 0.676042 0.346296 0.078125 0.098148
3 0.680729 0.664815 0.077083 0.090741
3 0.479427 0.843981 0.075521 0.097222
3 0.226823 0.707870 0.063021 0.060185
3 0.417448 0.553704 0.066146 0.057407
