0 0.475000 0.447222 0.134375 0.461111
1 0.421094 0.299074 0.047396 0.150000
1 0.428906 0.714815 0.046354 0.150000
1 0.523438 0.710648 0.044792 0.149074
1 0.529687 0.299074 0.041667 0.133333
6 0.478385 0.103704 0.102604 0.205556
10 0.479948 0.259722 0.029687 0.117593
3 0.175521 0.480556 0.123958 0.101852
3 0.306250 0.473611 0.121875 0.093519
3 0.190365 0.826389 0.125521 0.086111
3 0.701562 0.824074 0.129167 0.090741
3 0.784115 0.817130 0.129688 0.086111
3 0.666927 0.451389 0.132812 0.089815
3 0.792969 0.470370 0.127604 0.103704
