0 0.537500 0.388426 0.277083 0.510185
1 0.424740 0.205093 0.047396 0.149074
1 0.659115 0.225463 0.047396 0.160185
1 0.413021 0.660185 0.044792 0.140741
10 0.519531 0.182870 0.048438 0.113889
6 0.517708 0.063426 0.100000 0.125000
1 0.594010 0.758333 0.046354 0.311111
3 0.797656 0.884259 0.105729 0.072222
3 0.610938 0.707407 0.101042 0.070370
3 0.865625 0.354167 0.103125 0.089815
3 0.635417 0.334722 0.093750 0.069444
3 0.435156 0.387963 0.122396 0.092593
3 0.212500 0.348611 0.119792 0.082407
3 0.177865 0.770370 0.121354 0.092593
3 0.351823 0.956481 0.124479 0.087037
