0 0.539583 0.324537 0.314583 0.549074
1 0.391927 0.604167 0.045312 0.141667
1 0.413281 0.130093 0.050521 0.152778
1 0.682031 0.181944 0.046354 0.162037
1 0.609375 0.722685 0.046875 0.308333
10 0.521875 0.120833 0.051042 0.117593
6 0.521354 0.034722 0.104167 0.067593
3 0.867448 0.337037 0.098437 0.098148
3 0.203125 0.292130 0.114583 0.089815
3 0.478646 0.360185 0.113542 0.101852
3 0.172135 0.725926 0.114062 0.098148
3 0.395313 0.936111 0.113542 0.101852
3 0.576302 0.672685 0.097396 0.073148
3 0.790625 0.865741 0.096875 0.072222
