0 0.473177 0.297222 0.295312 0.550000
1 0.357031 0.116204 0.051562 0.175000
1 0.603646 0.603704 0.050000 0.144444
1 0.420833 0.701389 0.050000 0.336111
1 0.583594 0.106019 0.051562 0.163889
10 0.494271 0.067130 0.048958 0.106481
3 0.378385 0.241204 0.107813 0.076852
3 0.139583 0.255093 0.119792 0.086111
3 0.179167 0.847222 0.113542 0.081481
3 0.372135 0.660185 0.107813 0.072222
3 0.664323 0.917130 0.132812 0.099074
3 0.838281 0.716667 0.126562 0.096296
3 0.612500 0.297222 0.130208 0.120370
3 0.835417 0.266667 0.131250 0.112963
