0 0.511458 0.363889 0.175000 0.544444
1 0.445573 0.698148 0.055729 0.183333
1 0.581771 0.184259 0.050000 0.181481
1 0.578906 0.679167 0.053646 0.189815
1 0.439844 0.187500 0.053646 0.197222
10 0.510677 0.137500 0.051562 0.139815
6 0.512500 0.038426 0.126042 0.075000
3 0.321875 0.399537 0.140625 0.106481
3 0.145313 0.420833 0.139583 0.134259
3 0.162500 0.833333 0.144792 0.103704
3 0.759115 0.806019 0.153646 0.108333
3 0.876563 0.789815 0.154167 0.100000
3 0.718229 0.347685 0.155208 0.108333
3 0.887240 0.355556 0.153646 0.124074
