0 0.448437 0.362963 0.204167 0.544444
1 0.361719 0.213426 0.052604 0.175000
1 0.371094 0.668519 0.048438 0.187037
1 0.531250 0.646296 0.052083 0.164815
1 0.528646 0.179630 0.053125 0.166667
10 0.452865 0.156944 0.051562 0.128704
3 0.124479 0.398611 0.120833 0.117593
3 0.305469 0.356481 0.118229 0.090741
3 0.594531 0.417593 0.131771 0.111111
3 0.781250 0.388889 0.130208 0.127778
3 0.772396 0.788426 0.132292 0.106481
3 0.628646 0.824074 0.131250 0.109259
3 0.138281 0.779630 0.120313 0.092593
6 0.452604 0.046296 0.117708 0.090741
