0 0.390365 0.338889 0.355729 0.531481
1 0.223698 0.171759 0.048438 0.158333
1 0.554167 0.629167 0.043750 0.143519
1 0.298958 0.713889 0.044792 0.283333
1 0.536458 0.157870 0.043750 0.158333
6 0.408073 0.038426 0.109896 0.075000
10 0.405208 0.126389 0.054167 0.110185
3 0.691667 0.337037 0.088542 0.114815
3 0.701302 0.756481 0.086979 0.092593
3 0.411719 0.702778 0.075521 0.079630
3 0.444531 0.916667 0.085938 0.103704
3 0.159635 0.860185 0.074479 0.077778
3 0.099219 0.325463 0.075521 0.084259
3 0.369271 0.361111 0.087500 0.109259
