0 0.488802 0.357870 0.152604 0.517593
1 0.547656 0.662963 0.049479 0.137037
1 0.550260 0.298611 0.047396 0.150926
1 0.435677 0.546759 0.045312 0.134259
1 0.428385 0.183333 0.045312 0.148148
6 0.485156 0.087963 0.098437 0.172222
3 0.221094 0.425463 0.115104 0.102778
3 0.312240 0.560185 0.114062 0.122222
3 0.201563 0.742593 0.111458 0.118519
3 0.330208 0.845833 0.117708 0.112037
3 0.769792 0.658796 0.106250 0.071296
3 0.640885 0.546759 0.104688 0.065741
3 0.745052 0.351852 0.107813 0.075926
3 0.646354 0.237037 0.103125 0.070370
10 0.484375 0.210185 0.025000 0.072222
