0 0.534375 0.253241 0.269792 0.504630
1 0.421875 0.548148 0.046875 0.142593
1 0.595833 0.644907 0.047917 0.291667
1 0.654427 0.092593 0.045312 0.159259
1 0.431510 0.075463 0.040104 0.141667
10 0.523958 0.054167 0.028125 0.106481
3 0.420573 0.267593 0.127604 0.088889
3 0.211719 0.232870 0.123438 0.091667
3 0.174740 0.668056 0.119271 0.093519
3 0.350260 0.845833 0.122396 0.097222
3 0.639844 0.614815 0.111979 0.077778
3 0.826042 0.787963 0.114583 0.074074
3 0.891406 0.239352 0.116146 0.097222
3 0.662500 0.215741 0.110417 0.094444
