0 0.500521 0.239352 0.147917 0.476852
1 0.453906 0.428241 0.050521 0.143519
1 0.567969 0.537037 0.051562 0.146296
1 0.557031 0.130556 0.054688 0.161111
1 0.439844 0.051852 0.045312 0.101852
10 0.501302 0.045833 0.039062 0.087963
3 0.322917 0.725926 0.125000 0.114815
3 0.196354 0.619907 0.120833 0.128704
3 0.302604 0.409722 0.131250 0.134259
3 0.204948 0.282407 0.129688 0.105556
3 0.812760 0.549537 0.116146 0.069444
3 0.686198 0.444444 0.118229 0.088889
3 0.784375 0.209722 0.126042 0.091667
3 0.680729 0.112963 0.118750 0.096296
