0 0.460938 0.280093 0.162500 0.539815
1 0.516667 0.603241 0.050000 0.152778
1 0.522917 0.205556 0.050000 0.157407
1 0.396354 0.105556 0.047917 0.153704
1 0.402865 0.498148 0.047396 0.135185
6 0.456250 0.046759 0.107292 0.091667
3 0.270833 0.478241 0.125000 0.130556
3 0.161719 0.361574 0.119271 0.113889
3 0.158073 0.691667 0.121354 0.131481
3 0.277083 0.793056 0.119792 0.121296
3 0.755469 0.591204 0.115104 0.063889
3 0.622656 0.484722 0.109896 0.067593
3 0.739844 0.255093 0.111979 0.080556
3 0.625781 0.150000 0.114062 0.079630
10 0.453385 0.131944 0.029687 0.082407
