0 0.549740 0.334722 0.139063 0.467593
1 0.603906 0.275463 0.046354 0.134259
1 0.567969 0.666204 0.043229 0.217593
6 0.543229 0.073611 0.088542 0.145370
10 0.541146 0.182407 0.026042 0.083333
3 0.758333 0.743981 0.096875 0.063889
3 0.673177 0.525463 0.090104 0.049074
3 0.811198 0.360648 0.098437 0.063889
3 0.688542 0.237963 0.087500 0.066667
3 0.347656 0.850463 0.105729 0.087963
3 0.288802 0.609259 0.093229 0.079630
3 0.394531 0.447222 0.115104 0.083333
3 0.306510 0.306944 0.102604 0.071296
1 0.491146 0.495370 0.037500 0.120370
