0 0.465365 0.294907 0.182812 0.587963
1 0.537760 0.636111 0.055729 0.153704
1 0.537760 0.192593 0.052604 0.168519
1 0.391406 0.097685 0.052604 0.163889
1 0.402083 0.530093 0.053125 0.152778
10 0.458594 0.106019 0.030729 0.095370
3 0.800260 0.633333 0.127604 0.077778
3 0.650260 0.537037 0.119271 0.075926
3 0.774740 0.262963 0.130729 0.096296
3 0.646875 0.158796 0.126042 0.078704
3 0.274740 0.860185 0.135937 0.122222
3 0.127865 0.764815 0.130729 0.140741
3 0.267708 0.506481 0.139583 0.144444
3 0.142448 0.384722 0.138021 0.121296
