0 0.445573 0.281019 0.146354 0.506481
1 0.508333 0.596296 0.048958 0.150000
1 0.400000 0.489352 0.047917 0.130556
1 0.384896 0.117130 0.047917 0.150926
1 0.508594 0.218056 0.047396 0.150926
6 0.445312 0.056481 0.103125 0.111111
10 0.445573 0.138426 0.019271 0.076852
3 0.158854 0.338889 0.123958 0.096296
3 0.261198 0.456944 0.121354 0.121296
3 0.153385 0.662963 0.120313 0.116667
3 0.275260 0.771296 0.123438 0.118519
3 0.742969 0.583796 0.109896 0.067593
3 0.613281 0.476852 0.108854 0.070370
3 0.726562 0.261111 0.113542 0.085185
3 0.613281 0.163889 0.108854 0.070370
