0 0.497656 0.333333 0.174479 0.542593
1 0.423958 0.152778 0.050000 0.159259
1 0.566406 0.234722 0.050521 0.162037
1 0.571354 0.649537 0.050000 0.150926
1 0.438542 0.558796 0.047917 0.143519
6 0.494271 0.062500 0.111458 0.119444
10 0.494792 0.165278 0.033333 0.087963
3 0.184375 0.388889 0.131250 0.116667
3 0.311458 0.499074 0.130208 0.135185
3 0.178646 0.748148 0.123958 0.135185
3 0.324740 0.837500 0.128646 0.126852
3 0.814323 0.681019 0.117188 0.084259
3 0.666146 0.588426 0.110417 0.076852
3 0.789844 0.329630 0.118229 0.083333
3 0.662500 0.243519 0.115625 0.090741
