0 0.506510 0.293981 0.173437 0.532407
1 0.572917 0.209259 0.050000 0.166667
1 0.575260 0.615278 0.046354 0.150926
1 0.445833 0.516667 0.046875 0.144444
1 0.440625 0.112963 0.050000 0.151852
6 0.507292 0.049074 0.105208 0.096296
10 0.506771 0.135648 0.032292 0.080556
3 0.210938 0.360648 0.127083 0.108333
3 0.331510 0.476389 0.120313 0.132407
3 0.200521 0.712500 0.120833 0.134259
3 0.340365 0.807407 0.127604 0.124074
3 0.816406 0.620370 0.105729 0.062963
3 0.666927 0.522685 0.117188 0.078704
3 0.798177 0.272685 0.114062 0.082407
3 0.669792 0.180093 0.114583 0.082407
