0 0.530469 0.490741 0.139063 0.427778
10 0.472135 0.248611 0.036979 0.115741
6 0.449479 0.119907 0.102083 0.237963
6 0.638542 0.171759 0.164583 0.341667
1 0.585938 0.413889 0.040625 0.118519
1 0.581510 0.731481 0.040104 0.107407
1 0.477865 0.667130 0.038021 0.099074
1 0.473698 0.348611 0.033854 0.112037
3 0.301042 0.522222 0.095833 0.085185
3 0.397917 0.599537 0.094792 0.099074
3 0.283594 0.793056 0.093229 0.091667
3 0.402865 0.859722 0.095312 0.086111
3 0.644271 0.646296 0.089583 0.059259
3 0.763542 0.707870 0.088542 0.058333
3 0.752083 0.445833 0.092708 0.071296
3 0.650521 0.376389 0.088542 0.060185
