3 0.159375 0.416667 0.138542 0.111111
3 0.252604 0.561111 0.143750 0.140741
3 0.135937 0.773611 0.135417 0.141667
3 0.255208 0.897685 0.141667 0.121296
3 0.808333 0.706019 0.128125 0.080556
3 0.683073 0.577315 0.130729 0.080556
3 0.789062 0.348611 0.134375 0.087963
3 0.684115 0.226852 0.127604 0.083333
1 0.534375 0.266667 0.052083 0.172222
1 0.533073 0.690278 0.051562 0.156481
1 0.425260 0.559722 0.050521 0.152778
1 0.417969 0.138889 0.045312 0.168519
0 0.473438 0.351852 0.151042 0.587037
6 0.473438 0.066204 0.116667 0.130556
