3 0.209896 0.404167 0.135417 0.112037
3 0.340104 0.516667 0.141667 0.137037
3 0.202083 0.773148 0.133333 0.129630
3 0.353906 0.872685 0.139063 0.110185
3 0.873698 0.682407 0.123438 0.081481
3 0.710938 0.589352 0.122917 0.080556
3 0.846094 0.315741 0.128646 0.096296
3 0.710156 0.225000 0.121354 0.094444
0 0.533594 0.339815 0.184896 0.566667
1 0.613802 0.674537 0.052604 0.160185
1 0.473958 0.579630 0.053125 0.161111
1 0.609375 0.232407 0.052083 0.185185
1 0.464062 0.142593 0.048958 0.179630
10 0.535937 0.150926 0.035417 0.103704
6 0.533333 0.052778 0.113542 0.103704
