1 0.520573 0.756019 0.046354 0.125000
1 0.420573 0.665278 0.043229 0.128704
1 0.517448 0.400463 0.043229 0.139815
1 0.406510 0.319907 0.042188 0.139815
3 0.615104 0.398148 0.098958 0.068519
3 0.714063 0.476389 0.104167 0.069444
3 0.627344 0.685648 0.098437 0.065741
3 0.738021 0.775926 0.100000 0.066667
3 0.310677 0.888889 0.110937 0.107407
3 0.199479 0.814815 0.108333 0.101852
3 0.295052 0.615741 0.109896 0.112963
3 0.195833 0.522222 0.108333 0.087037
6 0.462760 0.149074 0.090104 0.296296
0 0.461458 0.474074 0.143750 0.446296
