0 0.509375 0.284722 0.176042 0.471296
10 0.511719 0.136574 0.028646 0.073148
3 0.225000 0.680556 0.102083 0.122222
3 0.379688 0.760185 0.109375 0.096296
3 0.793490 0.537963 0.107813 0.057407
3 0.638281 0.450926 0.105729 0.075926
3 0.780208 0.231019 0.105208 0.095370
3 0.642708 0.145833 0.097917 0.075000
3 0.369792 0.474074 0.111458 0.124074
3 0.231510 0.366667 0.115104 0.100000
1 0.433073 0.122685 0.046354 0.152778
1 0.445312 0.493981 0.040625 0.137963
1 0.589844 0.578241 0.047396 0.141667
1 0.587240 0.210185 0.040104 0.155556
6 0.510677 0.053704 0.102604 0.105556
