1 0.549479 0.604167 0.053125 0.158333
1 0.551042 0.162963 0.054167 0.179630
1 0.414583 0.479167 0.053125 0.152778
1 0.402344 0.068056 0.050521 0.134259
3 0.155208 0.337963 0.135417 0.118519
3 0.286979 0.483333 0.132292 0.146296
3 0.140885 0.710185 0.133854 0.159259
3 0.291927 0.836574 0.138021 0.139815
3 0.664323 0.100463 0.122396 0.082407
3 0.798698 0.219907 0.129688 0.106481
3 0.662240 0.463426 0.127604 0.082407
3 0.815885 0.586111 0.124479 0.092593
0 0.482031 0.269444 0.167187 0.537037
10 0.477865 0.080093 0.028646 0.089815
