1 0.590885 0.626389 0.050521 0.145370
1 0.453125 0.541667 0.041667 0.150000
1 0.590625 0.225926 0.043750 0.168519
1 0.438281 0.152315 0.046354 0.162037
3 0.816927 0.618981 0.107813 0.073148
3 0.666406 0.535648 0.110937 0.065741
3 0.800000 0.279167 0.115625 0.073148
3 0.670312 0.204167 0.109375 0.073148
3 0.360677 0.810185 0.121354 0.103704
3 0.216146 0.728241 0.113542 0.126852
3 0.355990 0.484722 0.117188 0.130556
3 0.220573 0.393056 0.118229 0.115741
0 0.511979 0.317593 0.179167 0.494444
6 0.513021 0.059722 0.103125 0.117593
10 0.515365 0.160648 0.028646 0.089815
