1 0.582031 0.680556 0.053646 0.153704
1 0.575260 0.281019 0.045312 0.156481
1 0.437240 0.581944 0.047396 0.147222
1 0.418229 0.186111 0.050000 0.164815
3 0.355990 0.857870 0.120313 0.110185
3 0.332552 0.538426 0.120313 0.130556
3 0.189844 0.419907 0.122396 0.108333
3 0.188021 0.755556 0.118750 0.125926
3 0.815104 0.663426 0.110417 0.067593
3 0.786979 0.336574 0.111458 0.086111
3 0.645833 0.235185 0.109375 0.079630
3 0.651823 0.563426 0.114062 0.076852
0 0.497396 0.365741 0.194792 0.527778
6 0.496615 0.088889 0.109896 0.175926
