3 0.091667 0.301389 0.119792 0.084259
3 0.232031 0.206944 0.119271 0.084259
3 0.214323 0.550926 0.116146 0.074074
3 0.109896 0.651389 0.119792 0.071296
3 0.603385 0.837500 0.125521 0.125000
3 0.697656 0.722685 0.126562 0.108333
3 0.564323 0.483333 0.128646 0.112963
3 0.702604 0.395833 0.126042 0.132407
0 0.393750 0.326852 0.152083 0.540741
1 0.332292 0.231019 0.053125 0.163889
1 0.345573 0.643519 0.047396 0.153704
1 0.455990 0.545833 0.046354 0.139815
6 0.397396 0.055556 0.107292 0.109259
10 0.396094 0.154630 0.032813 0.096296
