0 0.499740 0.340741 0.173437 0.538889
1 0.570312 0.243056 0.048958 0.167593
1 0.429167 0.152315 0.045833 0.165741
1 0.578646 0.657407 0.048958 0.155556
1 0.452604 0.559259 0.050000 0.153704
6 0.496875 0.063426 0.109375 0.125000
3 0.197917 0.440278 0.123958 0.119444
3 0.321875 0.550926 0.123958 0.138889
3 0.196354 0.789815 0.121875 0.140741
3 0.340885 0.875000 0.127604 0.125926
3 0.822917 0.660185 0.114583 0.085185
3 0.666146 0.567130 0.118750 0.078704
3 0.790104 0.315278 0.119792 0.086111
3 0.663802 0.223148 0.115104 0.085185
