3 0.677604 0.401852 0.090625 0.088889
3 0.581510 0.393981 0.084896 0.102778
3 0.685937 0.149074 0.084375 0.098148
3 0.333854 0.785648 0.089583 0.110185
3 0.245573 0.775463 0.081771 0.123148
3 0.346615 0.532870 0.084896 0.115741
3 0.258333 0.488426 0.087500 0.106481
3 0.598958 0.127315 0.075000 0.076852
1 0.506771 0.573611 0.037500 0.110185
1 0.423698 0.551852 0.034896 0.105556
1 0.515365 0.247685 0.036979 0.100926
1 0.406771 0.230556 0.027083 0.103704
0 0.454948 0.335648 0.113021 0.365741
7 0.387240 0.090278 0.101562 0.178704
7 0.538281 0.089815 0.120313 0.177778
