3 0.652865 0.487037 0.107813 0.081481
3 0.800000 0.537037 0.113542 0.070370
3 0.759115 0.188889 0.118229 0.103704
3 0.632292 0.128704 0.117708 0.083333
3 0.325521 0.789815 0.127083 0.111111
3 0.180729 0.737500 0.123958 0.126852
3 0.285417 0.445833 0.125000 0.136111
3 0.165104 0.378704 0.123958 0.114815
1 0.559635 0.597222 0.050521 0.161111
1 0.429948 0.545833 0.052604 0.156481
1 0.532552 0.180093 0.050521 0.178704
1 0.391406 0.121296 0.052604 0.162963
0 0.461979 0.287500 0.188542 0.497222
7 0.453906 0.062963 0.084896 0.124074
10 0.455729 0.143519 0.022917 0.050000
