3 0.630729 0.553704 0.131250 0.114815
3 0.775260 0.443981 0.129688 0.130556
3 0.756510 0.777315 0.127604 0.117593
3 0.654948 0.907870 0.129688 0.132407
3 0.147396 0.719444 0.122917 0.074074
3 0.254688 0.609259 0.115625 0.066667
3 0.136719 0.368981 0.120313 0.086111
3 0.278385 0.255556 0.119271 0.077778
1 0.381250 0.288426 0.048958 0.171296
1 0.387760 0.698611 0.045312 0.162037
1 0.508073 0.594444 0.047396 0.144444
1 0.509896 0.172685 0.045833 0.171296
0 0.452083 0.370370 0.154167 0.533333
7 0.446875 0.104167 0.086458 0.206481
