3 0.132552 0.287500 0.122396 0.089815
3 0.288542 0.180093 0.119792 0.087963
3 0.266927 0.554630 0.117188 0.081481
3 0.152865 0.664352 0.123438 0.084259
3 0.653646 0.856944 0.132292 0.134259
3 0.760677 0.732870 0.131771 0.113889
3 0.622396 0.475463 0.134375 0.121296
3 0.776302 0.368519 0.133854 0.137037
1 0.514844 0.104630 0.047396 0.183333
1 0.373437 0.210648 0.054167 0.184259
1 0.384115 0.659259 0.051562 0.164815
1 0.511198 0.555556 0.051562 0.159259
0 0.444531 0.308796 0.173437 0.597222
7 0.446354 0.068519 0.088542 0.135185
10 0.443750 0.151852 0.028125 0.040741
