3 0.144271 0.309722 0.113542 0.071296
3 0.280469 0.186111 0.101562 0.061111
3 0.616667 0.381944 0.119792 0.100926
3 0.703385 0.238426 0.110937 0.091667
3 0.698177 0.563426 0.108854 0.071296
3 0.627344 0.822222 0.117188 0.081481
3 0.279948 0.506481 0.095312 0.059259
3 0.173958 0.746296 0.106250 0.064815
0 0.419531 0.281944 0.149479 0.525000
1 0.361979 0.210185 0.044792 0.148148
1 0.485938 0.468056 0.034375 0.119444
1 0.398177 0.644907 0.041146 0.263889
10 0.432292 0.136574 0.025000 0.045370
7 0.432552 0.061111 0.067187 0.120370
