0 0.456771 0.238426 0.154167 0.475000
10 0.445833 0.054630 0.025000 0.044444
7 0.444271 0.020370 0.069792 0.038889
3 0.176563 0.191667 0.116667 0.088889
3 0.283854 0.334722 0.123958 0.095370
3 0.160938 0.564352 0.113542 0.097222
3 0.245833 0.823148 0.119792 0.103704
3 0.694271 0.703704 0.108333 0.072222
3 0.595573 0.463426 0.104688 0.071296
3 0.741927 0.232870 0.108854 0.086111
3 0.605469 0.105093 0.101562 0.080556
1 0.517708 0.127778 0.043750 0.162963
1 0.391927 0.425926 0.041146 0.127778
1 0.486198 0.597222 0.043229 0.290741
