0 0.429167 0.249074 0.097917 0.496296
10 0.425260 0.046296 0.028646 0.046296
7 0.423438 0.016204 0.077083 0.030556
3 0.649219 0.121759 0.120313 0.080556
3 0.736719 0.242593 0.128646 0.094444
3 0.638542 0.503704 0.120833 0.064815
3 0.692187 0.762963 0.122917 0.075926
3 0.157031 0.837500 0.136979 0.095370
3 0.130469 0.559722 0.126562 0.087963
3 0.192448 0.297222 0.141146 0.098148
3 0.148958 0.164352 0.131250 0.089815
1 0.443750 0.630556 0.043750 0.305556
1 0.397135 0.450000 0.042188 0.140741
1 0.461979 0.110648 0.045833 0.171296
