3 0.153646 0.318519 0.138542 0.107407
3 0.287240 0.373148 0.143229 0.133333
3 0.140104 0.713426 0.135417 0.115741
3 0.304167 0.772685 0.140625 0.100926
3 0.826302 0.661111 0.125521 0.081481
3 0.655729 0.613889 0.126042 0.083333
3 0.802865 0.264352 0.132812 0.086111
3 0.656250 0.233333 0.122917 0.098148
1 0.564323 0.140741 0.050521 0.183333
1 0.563021 0.612037 0.051042 0.170370
1 0.413542 0.560648 0.050000 0.162037
1 0.407031 0.104630 0.050521 0.181481
7 0.486198 0.043981 0.084896 0.086111
10 0.485156 0.112037 0.026562 0.055556
0 0.484896 0.289815 0.196875 0.546296
