3 0.599219 0.399074 0.130729 0.111111
3 0.764844 0.358796 0.126562 0.125000
3 0.760677 0.736574 0.126562 0.110185
3 0.630729 0.794907 0.131250 0.112037
3 0.279687 0.643981 0.116667 0.080556
3 0.148958 0.698148 0.121875 0.094444
3 0.135417 0.320370 0.120833 0.105556
1 0.366406 0.175000 0.045312 0.183333
1 0.517969 0.131019 0.049479 0.169444
1 0.375781 0.631944 0.049479 0.163889
1 0.515365 0.581019 0.047396 0.160185
0 0.451562 0.297685 0.186458 0.506481
7 0.446094 0.062500 0.085938 0.123148
3 0.296875 0.286574 0.125000 0.076852
