3 0.627083 0.712963 0.096875 0.096296
3 0.718229 0.627315 0.094792 0.089815
3 0.728385 0.353704 0.099479 0.109259
3 0.610677 0.431481 0.102604 0.088889
3 0.256250 0.568056 0.093750 0.067593
3 0.352344 0.491667 0.086979 0.070370
3 0.245573 0.280556 0.092188 0.072222
3 0.369271 0.206944 0.091667 0.078704
1 0.431771 0.570833 0.037500 0.126852
1 0.535156 0.494444 0.034896 0.120370
1 0.538021 0.153241 0.037500 0.130556
1 0.423698 0.231944 0.040104 0.132407
7 0.483594 0.088426 0.069271 0.175000
0 0.486198 0.300926 0.136979 0.427778
