0 0.476823 0.214352 0.147396 0.426852
1 0.423698 0.483796 0.046354 0.139815
1 0.533594 0.383333 0.044271 0.124074
1 0.534375 0.044907 0.044792 0.084259
1 0.420312 0.122685 0.046875 0.137963
7 0.477344 0.028704 0.067187 0.053704
10 0.475521 0.064815 0.021875 0.033333
3 0.207813 0.181019 0.113542 0.080556
3 0.342708 0.080093 0.111458 0.075000
3 0.319271 0.380093 0.102083 0.067593
3 0.216667 0.484259 0.109375 0.062963
3 0.652604 0.656481 0.112500 0.114815
3 0.748437 0.536574 0.115625 0.106481
3 0.631250 0.354167 0.115625 0.104630
3 0.762760 0.256944 0.116146 0.126852
