0 0.497656 0.362500 0.179688 0.602778
1 0.569531 0.256944 0.055729 0.180556
1 0.429948 0.155093 0.054688 0.171296
1 0.566146 0.706481 0.055208 0.157407
1 0.435156 0.599537 0.051562 0.160185
7 0.497917 0.087963 0.092708 0.168519
7 0.500260 0.045370 0.079687 0.085185
10 0.496354 0.195833 0.028125 0.043519
7 0.496615 0.094907 0.090104 0.171296
3 0.179948 0.397222 0.138021 0.116667
3 0.297135 0.523611 0.145313 0.150926
3 0.160417 0.788426 0.145833 0.125000
3 0.306250 0.894907 0.142708 0.121296
3 0.824219 0.714352 0.127604 0.078704
3 0.674219 0.614352 0.128646 0.069444
3 0.801042 0.340741 0.130208 0.100000
3 0.683333 0.234259 0.131250 0.090741
