0 0.560937 0.312500 0.146875 0.502778
1 0.495312 0.227315 0.045833 0.147222
1 0.507031 0.611574 0.045312 0.137963
1 0.613802 0.525000 0.044271 0.131481
1 0.616406 0.137963 0.045312 0.157407
7 0.560677 0.080556 0.072396 0.157407
10 0.559115 0.176389 0.025521 0.039815
3 0.279427 0.323148 0.110937 0.087037
3 0.415625 0.221296 0.111458 0.077778
3 0.298958 0.639352 0.110417 0.071296
3 0.396875 0.544444 0.108333 0.066667
3 0.747917 0.770833 0.119792 0.104630
3 0.840625 0.666667 0.120833 0.100000
3 0.718229 0.444444 0.120833 0.100000
3 0.849479 0.353241 0.119792 0.112037
