0 0.444010 0.274537 0.145313 0.547222
1 0.391667 0.194444 0.051042 0.159259
1 0.508333 0.453241 0.044792 0.130556
1 0.424219 0.662037 0.046354 0.268519
7 0.455990 0.044444 0.073438 0.087037
10 0.455729 0.102778 0.030208 0.046296
3 0.288802 0.133796 0.110937 0.078704
3 0.160417 0.292593 0.122917 0.074074
3 0.283594 0.487500 0.107813 0.063889
3 0.184635 0.761111 0.116146 0.074074
3 0.668490 0.860185 0.127604 0.098148
3 0.733333 0.567593 0.119792 0.085185
3 0.664844 0.394907 0.131771 0.106481
3 0.743229 0.221296 0.118750 0.114815
