0 0.475000 0.302315 0.091667 0.484259
1 0.507031 0.198611 0.043229 0.139815
1 0.488542 0.616204 0.039583 0.245370
7 0.474479 0.065278 0.063542 0.126852
10 0.476302 0.145370 0.023438 0.040741
3 0.654427 0.211111 0.095312 0.072222
3 0.737240 0.313889 0.106771 0.074074
3 0.641146 0.514352 0.098958 0.058333
3 0.703906 0.730093 0.105729 0.069444
3 0.255208 0.783333 0.109375 0.083333
3 0.239583 0.554630 0.104167 0.077778
3 0.283594 0.344444 0.118229 0.083333
3 0.257552 0.235185 0.105729 0.074074
1 0.450521 0.469907 0.036458 0.108333
