0 0.547656 0.337037 0.095312 0.440741
1 0.518750 0.278241 0.041667 0.126852
1 0.525781 0.662037 0.035937 0.242593
1 0.572396 0.498611 0.033333 0.106481
7 0.553385 0.100463 0.066146 0.193519
10 0.550781 0.203241 0.015104 0.032407
3 0.384375 0.250926 0.101042 0.064815
3 0.306250 0.375463 0.111458 0.080556
3 0.375000 0.545370 0.093750 0.059259
3 0.306250 0.771296 0.102083 0.062963
3 0.735938 0.818981 0.109375 0.069444
3 0.766667 0.581019 0.100000 0.076852
3 0.749479 0.435648 0.113542 0.095370
3 0.778646 0.296759 0.098958 0.095370
