0 0.496875 0.255093 0.113542 0.508333
1 0.540625 0.122222 0.047917 0.161111
1 0.456510 0.445833 0.044271 0.141667
1 0.511719 0.634722 0.048438 0.276852
7 0.493490 0.016667 0.070312 0.031481
10 0.493229 0.048148 0.027083 0.048148
3 0.721615 0.136574 0.119271 0.086111
3 0.801042 0.264352 0.130208 0.099074
3 0.683854 0.505556 0.116667 0.074074
3 0.761458 0.772685 0.126042 0.069444
3 0.242448 0.847222 0.135937 0.103704
3 0.203906 0.570370 0.126562 0.092593
3 0.274479 0.325926 0.139583 0.101852
3 0.226302 0.180093 0.128646 0.097222
