0 0.513021 0.366204 0.145833 0.502778
1 0.451823 0.273611 0.048438 0.147222
1 0.451823 0.662037 0.047396 0.133333
1 0.571094 0.190278 0.045312 0.154630
1 0.556771 0.577778 0.045833 0.129630
7 0.510938 0.106481 0.081250 0.211111
10 0.511719 0.225926 0.026562 0.040741
3 0.232552 0.336574 0.113021 0.078704
3 0.368490 0.252315 0.111979 0.080556
3 0.343229 0.578241 0.108333 0.069444
3 0.243229 0.663426 0.110417 0.065741
3 0.684896 0.837963 0.119792 0.118519
3 0.780208 0.731481 0.117708 0.103704
3 0.669271 0.504630 0.119792 0.109259
3 0.796875 0.422685 0.119792 0.121296
