0 0.506250 0.409259 0.155208 0.446296
1 0.446354 0.254167 0.046875 0.147222
1 0.570052 0.290741 0.045312 0.153704
1 0.444010 0.640278 0.044271 0.136111
1 0.560677 0.677315 0.050521 0.147222
7 0.505469 0.121759 0.075521 0.236111
10 0.504948 0.264352 0.026562 0.049074
3 0.261979 0.445833 0.102083 0.087963
3 0.378646 0.501389 0.110417 0.119444
3 0.240104 0.777315 0.103125 0.106481
3 0.370052 0.816204 0.106771 0.087963
3 0.746615 0.406481 0.101562 0.074074
3 0.630469 0.383333 0.094271 0.064815
3 0.754427 0.731481 0.101562 0.072222
3 0.621615 0.688889 0.096354 0.064815
