0 0.477865 0.325926 0.147396 0.459259
1 0.416406 0.256019 0.044271 0.134259
1 0.446094 0.662500 0.041146 0.252778
1 0.537500 0.524074 0.040625 0.112963
7 0.484375 0.093056 0.067708 0.178704
10 0.484375 0.194444 0.019792 0.038889
3 0.627083 0.411574 0.105208 0.097222
3 0.736458 0.304630 0.103125 0.088889
3 0.726042 0.618056 0.100000 0.071296
3 0.642188 0.824537 0.106250 0.086111
3 0.245052 0.756019 0.099479 0.063889
3 0.343750 0.563889 0.093750 0.059259
3 0.226042 0.341667 0.105208 0.064815
3 0.352604 0.245833 0.094792 0.071296
