0 0.519792 0.245833 0.113542 0.489815
1 0.486198 0.432870 0.043229 0.130556
1 0.561979 0.130556 0.046875 0.155556
1 0.541146 0.610185 0.047917 0.281481
7 0.519010 0.025000 0.071354 0.048148
10 0.522656 0.052778 0.029687 0.044444
3 0.259635 0.148148 0.122396 0.085185
3 0.309896 0.297222 0.135417 0.092593
3 0.238542 0.527778 0.122917 0.081481
3 0.281510 0.795370 0.130729 0.087037
3 0.790885 0.749537 0.127604 0.069444
3 0.707552 0.488889 0.117188 0.072222
3 0.824740 0.260648 0.127604 0.097222
3 0.726042 0.120370 0.118750 0.081481
