3 0.360677 0.877778 0.124479 0.122222
3 0.222917 0.758796 0.127083 0.137963
3 0.363802 0.557870 0.124479 0.132407
3 0.245312 0.412500 0.127083 0.119444
3 0.680208 0.550463 0.111458 0.073148
3 0.825521 0.664815 0.118750 0.081481
3 0.816927 0.330093 0.119271 0.095370
3 0.692969 0.208333 0.113021 0.085185
1 0.590365 0.674537 0.043229 0.150926
1 0.601302 0.266667 0.048438 0.174074
1 0.462760 0.550463 0.048438 0.149074
1 0.463281 0.144444 0.047396 0.168519
0 0.520573 0.335185 0.166146 0.542593
7 0.528125 0.097685 0.087500 0.193519
