1 0.392708 0.776852 0.039583 0.137037
1 0.495833 0.754630 0.036458 0.124074
1 0.505208 0.392130 0.040625 0.134259
1 0.393750 0.409259 0.040625 0.138889
3 0.197917 0.518981 0.100000 0.087963
3 0.321354 0.500926 0.103125 0.051852
3 0.589323 0.553241 0.107813 0.082407
3 0.712760 0.539352 0.108854 0.093519
3 0.696094 0.848148 0.107813 0.077778
3 0.602604 0.877315 0.107292 0.075000
3 0.298958 0.792593 0.094792 0.055556
3 0.205208 0.833333 0.098958 0.066667
7 0.451823 0.187963 0.067187 0.374074
0 0.447135 0.521759 0.139063 0.391667
