0 0.466406 0.339352 0.200521 0.519444
7 0.460677 0.081481 0.072396 0.161111
10 0.459896 0.176389 0.030208 0.062037
3 0.783594 0.335185 0.114062 0.105556
3 0.616406 0.372685 0.109896 0.102778
3 0.323437 0.288426 0.123958 0.082407
3 0.176042 0.329167 0.117708 0.069444
3 0.132031 0.723148 0.118229 0.074074
3 0.250781 0.853704 0.124479 0.075926
3 0.587500 0.741204 0.110417 0.078704
3 0.718229 0.866204 0.116667 0.080556
1 0.500521 0.687037 0.042708 0.301852
1 0.378906 0.646759 0.040104 0.139815
1 0.553385 0.157870 0.041146 0.162037
