0 0.432292 0.321759 0.153125 0.443519
7 0.350521 0.058796 0.095833 0.115741
7 0.516927 0.074537 0.109896 0.147222
10 0.374479 0.102778 0.029167 0.064815
1 0.493229 0.210185 0.043750 0.133333
1 0.368229 0.189815 0.032292 0.118519
1 0.384896 0.550463 0.040625 0.112037
1 0.496094 0.575000 0.039062 0.124074
3 0.682292 0.632870 0.100000 0.075000
3 0.809896 0.664352 0.098958 0.084259
3 0.561198 0.597685 0.094271 0.045370
3 0.672917 0.333796 0.104167 0.102778
3 0.791667 0.362963 0.096875 0.079630
3 0.552344 0.307407 0.091146 0.081481
3 0.303646 0.389815 0.103125 0.103704
3 0.191667 0.355556 0.098958 0.092593
3 0.187240 0.666204 0.102604 0.093519
3 0.312760 0.689352 0.107813 0.084259
