7 0.342708 0.200000 0.300000 0.398148
7 0.778646 0.189815 0.264583 0.377778
0 0.571354 0.560648 0.223958 0.408333
1 0.672135 0.436111 0.034896 0.124074
1 0.471615 0.449074 0.034896 0.116667
1 0.664583 0.781019 0.031250 0.102778
3 0.707292 0.783796 0.043750 0.156481
3 0.495833 0.779630 0.043750 0.148148
3 0.458594 0.675926 0.030729 0.083333
3 0.440365 0.597222 0.032813 0.074074
3 0.634115 0.648611 0.032813 0.069444
3 0.617969 0.578704 0.028646 0.070370
10 0.488281 0.376852 0.027604 0.053704
10 0.656510 0.361111 0.027604 0.057407
