0 0.484375 0.436111 0.129167 0.392593
7 0.481510 0.147685 0.069271 0.293519
10 0.482812 0.306481 0.022917 0.040741
1 0.539583 0.325926 0.037500 0.135185
1 0.433594 0.306019 0.034896 0.132407
1 0.529948 0.668981 0.036979 0.125000
1 0.434896 0.644444 0.036458 0.124074
3 0.346094 0.463426 0.098437 0.095370
3 0.253906 0.429630 0.098437 0.072222
3 0.232813 0.722222 0.100000 0.072222
3 0.348177 0.747222 0.101562 0.077778
3 0.609635 0.683333 0.095312 0.057407
3 0.721354 0.707870 0.092708 0.058333
3 0.714323 0.419444 0.095312 0.062963
3 0.620052 0.402778 0.088021 0.070370
