0 0.480729 0.278241 0.172917 0.506481
7 0.481771 0.040278 0.084375 0.078704
10 0.484115 0.105556 0.027604 0.057407
1 0.410938 0.130556 0.048958 0.179630
1 0.548698 0.110648 0.046354 0.176852
1 0.544792 0.561111 0.047917 0.159259
1 0.416927 0.586574 0.052604 0.162037
3 0.174479 0.660648 0.126042 0.082407
3 0.296354 0.628241 0.121875 0.073148
3 0.161719 0.275000 0.126562 0.118519
3 0.323698 0.250000 0.124479 0.081481
3 0.652604 0.317593 0.135417 0.096296
3 0.806771 0.305556 0.131250 0.107407
3 0.788802 0.685185 0.133854 0.100000
3 0.679948 0.717593 0.135937 0.096296
