7 0.471094 0.076389 0.095312 0.150926
10 0.472917 0.176852 0.029167 0.064815
0 0.471615 0.370833 0.193229 0.586111
1 0.391927 0.202315 0.055729 0.204630
1 0.547396 0.175463 0.053125 0.197222
1 0.394010 0.717130 0.055729 0.184259
1 0.537760 0.686574 0.053646 0.178704
3 0.828385 0.397222 0.150521 0.137037
3 0.655990 0.416667 0.148438 0.116667
3 0.806771 0.833333 0.143750 0.107407
3 0.688802 0.865278 0.144271 0.117593
3 0.136458 0.809722 0.136458 0.100926
3 0.269010 0.776852 0.129688 0.100000
3 0.123438 0.386111 0.138542 0.131481
3 0.306510 0.346759 0.133854 0.093519
