0 0.528385 0.498611 0.143229 0.513889
7 0.531250 0.150926 0.084375 0.300000
10 0.532552 0.320833 0.028646 0.058333
1 0.469792 0.343056 0.047917 0.178704
1 0.587500 0.327315 0.046875 0.175000
1 0.474740 0.802315 0.049479 0.165741
1 0.583333 0.782870 0.048958 0.162037
3 0.734115 0.493056 0.140104 0.097222
3 0.861979 0.481481 0.141667 0.105556
3 0.845573 0.868519 0.139063 0.088889
3 0.760156 0.898148 0.138021 0.101852
3 0.229167 0.881481 0.130208 0.083333
3 0.349479 0.481019 0.128125 0.078704
3 0.210677 0.500000 0.121354 0.105556
