0 0.468750 0.279167 0.335417 0.510185
3 0.791146 0.713426 0.088542 0.099074
3 0.485677 0.571296 0.073438 0.068519
3 0.540885 0.893981 0.086979 0.099074
3 0.248438 0.746296 0.075000 0.068519
3 0.191406 0.246296 0.077604 0.075926
3 0.777344 0.330093 0.089063 0.121296
3 0.472135 0.389815 0.086979 0.124074
1 0.391927 0.653704 0.039062 0.292593
1 0.628385 0.545833 0.040104 0.139815
1 0.611458 0.099074 0.041667 0.155556
1 0.316927 0.157407 0.042188 0.162963
10 0.490365 0.123148 0.023438 0.044444
7 0.488802 0.053241 0.076563 0.104630
