3 0.215885 0.318056 0.109896 0.082407
3 0.241406 0.835648 0.100521 0.080556
3 0.409375 0.666667 0.094792 0.079630
3 0.673438 0.888426 0.113542 0.097222
3 0.850521 0.714352 0.112500 0.084259
3 0.629167 0.365278 0.115625 0.108333
3 0.855208 0.324537 0.112500 0.110185
3 0.422135 0.290278 0.103646 0.076852
1 0.403385 0.183796 0.043229 0.156481
1 0.623177 0.141667 0.044271 0.150000
1 0.456510 0.693056 0.044271 0.295370
1 0.634375 0.594444 0.043750 0.142593
0 0.517448 0.320370 0.256771 0.511111
7 0.531250 0.071296 0.076042 0.140741
10 0.533854 0.157407 0.028125 0.048148
