3 0.150000 0.831019 0.137500 0.086111
3 0.245052 0.770833 0.130729 0.089815
3 0.137240 0.448148 0.135937 0.112963
3 0.273438 0.389352 0.131250 0.100926
3 0.696354 0.869444 0.143750 0.116667
3 0.779167 0.809259 0.141667 0.098148
3 0.666146 0.476389 0.145833 0.112037
3 0.792969 0.428241 0.142187 0.123148
1 0.409635 0.732870 0.055729 0.173148
1 0.512240 0.685185 0.048438 0.157407
1 0.403646 0.280093 0.053125 0.178704
1 0.517708 0.231944 0.043750 0.175000
7 0.462760 0.111574 0.085938 0.221296
10 0.466406 0.245370 0.030729 0.053704
0 0.459896 0.419907 0.143750 0.550926
