3 0.226302 0.640741 0.093229 0.090741
3 0.258594 0.312037 0.094271 0.081481
3 0.371875 0.818519 0.095833 0.098148
3 0.723177 0.722222 0.089063 0.057407
3 0.575000 0.553241 0.086458 0.060185
3 0.769531 0.303241 0.090104 0.080556
3 0.428385 0.383796 0.097396 0.086111
0 0.510156 0.307407 0.209896 0.442593
1 0.599219 0.206019 0.041146 0.137963
1 0.555729 0.625926 0.037500 0.248148
1 0.414323 0.518519 0.033854 0.122222
1 0.423177 0.149074 0.035937 0.133333
7 0.495573 0.081481 0.063021 0.161111
10 0.496875 0.173148 0.026042 0.037037
