3 0.135156 0.405093 0.136979 0.106481
3 0.286458 0.381481 0.131250 0.064815
3 0.153125 0.805093 0.129167 0.080556
3 0.267969 0.766667 0.127604 0.074074
3 0.690885 0.883333 0.143229 0.100000
3 0.796094 0.849074 0.139063 0.109259
3 0.655208 0.465741 0.143750 0.101852
3 0.802604 0.445833 0.137500 0.126852
1 0.402604 0.743981 0.055208 0.180556
1 0.529948 0.712963 0.051562 0.168519
1 0.394792 0.261574 0.048958 0.186111
1 0.530208 0.236111 0.047917 0.185185
7 0.465104 0.108333 0.091667 0.214815
10 0.467969 0.236574 0.029687 0.058333
