3 0.214323 0.340278 0.113021 0.086111
3 0.405469 0.306944 0.106771 0.078704
3 0.408594 0.695370 0.102604 0.072222
3 0.229948 0.872685 0.108854 0.080556
3 0.683594 0.932870 0.124479 0.091667
3 0.661198 0.387037 0.123438 0.114815
3 0.843750 0.346759 0.119792 0.108333
1 0.459115 0.720370 0.045312 0.305556
1 0.619792 0.622222 0.042708 0.138889
1 0.418490 0.191667 0.045312 0.166667
1 0.611458 0.166667 0.043750 0.151852
0 0.516667 0.344444 0.228125 0.511111
7 0.532813 0.077315 0.075000 0.152778
10 0.533594 0.175926 0.025521 0.048148
