7 0.532292 0.047222 0.080208 0.092593
10 0.532552 0.109259 0.023438 0.055556
0 0.515104 0.300926 0.245833 0.520370
1 0.412500 0.119907 0.045833 0.167593
1 0.618229 0.120370 0.041667 0.159259
1 0.626302 0.602778 0.044271 0.151852
1 0.452604 0.687500 0.043750 0.321296
3 0.401562 0.697222 0.109375 0.081481
3 0.210417 0.862037 0.114583 0.079630
3 0.693490 0.902778 0.130729 0.092593
3 0.868229 0.724537 0.127083 0.086111
3 0.863021 0.293056 0.126042 0.102778
3 0.667969 0.300926 0.130729 0.116667
3 0.397135 0.283333 0.121354 0.077778
3 0.193490 0.287037 0.117188 0.094444
