3 0.217708 0.426852 0.115625 0.096296
3 0.369010 0.375000 0.114062 0.085185
3 0.665365 0.503704 0.125521 0.111111
3 0.821875 0.460185 0.127083 0.120370
3 0.804167 0.803704 0.121875 0.101852
3 0.697656 0.867593 0.122396 0.107407
3 0.343229 0.726389 0.113542 0.084259
3 0.232552 0.780093 0.115104 0.076852
0 0.512240 0.414815 0.164062 0.501852
7 0.511458 0.121296 0.081250 0.240741
10 0.515625 0.260648 0.023958 0.050926
1 0.452083 0.716667 0.046875 0.155556
1 0.574740 0.666204 0.045312 0.150926
1 0.443229 0.292130 0.048958 0.169444
1 0.578646 0.243981 0.047917 0.163889
