3 0.199740 0.805093 0.121354 0.086111
3 0.316667 0.764815 0.116667 0.064815
3 0.186458 0.436574 0.122917 0.095370
3 0.344271 0.412963 0.121875 0.070370
3 0.658854 0.469444 0.129167 0.101852
3 0.808594 0.453241 0.128646 0.110185
3 0.793490 0.823148 0.128646 0.092593
3 0.682552 0.851852 0.128646 0.103704
1 0.428906 0.748148 0.049479 0.140741
1 0.556510 0.719907 0.050521 0.132407
1 0.426823 0.306944 0.053646 0.150926
1 0.567448 0.288426 0.036979 0.143519
10 0.571354 0.147222 0.050000 0.146296
0 0.495833 0.449537 0.169792 0.526852
6 0.408073 0.100463 0.118229 0.199074
6 0.583333 0.091667 0.104167 0.181481
