0 0.502083 0.336574 0.309375 0.519444
3 0.480990 0.630556 0.082812 0.064815
3 0.269271 0.812963 0.086458 0.077778
3 0.219792 0.296296 0.090625 0.077778
3 0.599479 0.931019 0.096875 0.091667
3 0.817708 0.733333 0.094792 0.100000
3 0.806250 0.341204 0.096875 0.110185
3 0.538021 0.405093 0.098958 0.115741
6 0.521875 0.049537 0.100000 0.097222
10 0.517969 0.144907 0.041146 0.110185
1 0.429167 0.716204 0.045833 0.295370
1 0.644792 0.607870 0.043750 0.137963
1 0.629948 0.153241 0.043229 0.158333
1 0.364063 0.207870 0.045833 0.163889
