3 0.277344 0.387037 0.088021 0.075926
3 0.254688 0.726389 0.083333 0.095370
3 0.421094 0.877778 0.086979 0.090741
3 0.548958 0.649074 0.078125 0.059259
3 0.717448 0.787963 0.075521 0.053704
3 0.776563 0.350000 0.076042 0.081481
3 0.486198 0.420370 0.084896 0.088889
1 0.634115 0.243519 0.033854 0.138889
1 0.583073 0.679167 0.036979 0.256481
1 0.413281 0.599074 0.035937 0.127778
1 0.419531 0.217130 0.040104 0.136111
6 0.506771 0.080093 0.082292 0.158333
10 0.507031 0.202778 0.034896 0.087037
0 0.524479 0.369444 0.242708 0.431481
