3 0.243750 0.387037 0.115625 0.107407
3 0.377344 0.413426 0.114062 0.119444
3 0.787240 0.324074 0.110937 0.085185
3 0.654948 0.316667 0.113021 0.098148
3 0.801042 0.692130 0.112500 0.089815
3 0.653125 0.655093 0.106250 0.056481
3 0.377083 0.768519 0.117708 0.107407
3 0.225781 0.754630 0.115104 0.112963
1 0.584115 0.622222 0.047396 0.155556
1 0.449219 0.602315 0.047396 0.156481
1 0.591146 0.187037 0.044792 0.168519
1 0.446094 0.174074 0.047396 0.161111
10 0.514844 0.139815 0.043229 0.107407
0 0.515885 0.330556 0.176563 0.485185
6 0.513802 0.046759 0.105729 0.091667
