0 0.471615 0.394907 0.179688 0.576852
3 0.249219 0.447685 0.150521 0.134259
3 0.130990 0.406481 0.148438 0.105556
3 0.109115 0.842593 0.150521 0.111111
3 0.258594 0.876389 0.155729 0.119444
3 0.666927 0.770370 0.143229 0.075926
3 0.816667 0.820370 0.142708 0.101852
3 0.800000 0.385185 0.136458 0.098148
3 0.669271 0.374537 0.128125 0.095370
1 0.541406 0.229630 0.053646 0.194444
1 0.402083 0.204167 0.053125 0.191667
1 0.406771 0.704630 0.055208 0.181481
1 0.537500 0.737963 0.056250 0.181481
10 0.465104 0.166667 0.045833 0.140741
