0 0.565365 0.356019 0.249479 0.421296
10 0.548438 0.189352 0.037500 0.095370
6 0.552344 0.078704 0.085938 0.155556
3 0.820833 0.335185 0.077083 0.079630
3 0.769010 0.785648 0.075521 0.056481
3 0.458594 0.835648 0.084896 0.084259
3 0.580208 0.640741 0.080208 0.059259
3 0.284115 0.688426 0.085938 0.076852
3 0.312240 0.342130 0.084896 0.073148
3 0.525000 0.364352 0.087500 0.075000
1 0.621615 0.672222 0.039062 0.255556
1 0.676562 0.223611 0.040625 0.134259
1 0.461719 0.207870 0.038021 0.126852
1 0.447135 0.590278 0.036979 0.126852
