0 0.474740 0.432870 0.165104 0.432407
3 0.197135 0.462037 0.107813 0.096296
3 0.343750 0.438889 0.110417 0.081481
3 0.208594 0.790278 0.113021 0.076852
3 0.644531 0.838426 0.114062 0.106481
3 0.757031 0.812500 0.117188 0.093519
3 0.763802 0.477315 0.114062 0.113889
3 0.615104 0.486574 0.112500 0.099074
1 0.418490 0.706481 0.045312 0.153704
1 0.543229 0.687963 0.043750 0.146296
1 0.542188 0.293981 0.041667 0.154630
1 0.408333 0.305556 0.045833 0.155556
10 0.477865 0.256481 0.038021 0.111111
6 0.478646 0.106944 0.098958 0.212037
