0 0.440625 0.367130 0.315625 0.517593
10 0.459896 0.175463 0.047917 0.113889
6 0.458594 0.065741 0.100521 0.129630
3 0.767188 0.374537 0.101042 0.110185
3 0.769271 0.769907 0.100000 0.093519
3 0.416406 0.666204 0.084896 0.071296
3 0.195573 0.845370 0.090104 0.066667
3 0.547135 0.960185 0.100521 0.079630
3 0.147656 0.331481 0.096354 0.077778
3 0.486198 0.432407 0.102604 0.111111
1 0.299219 0.236574 0.044271 0.165741
1 0.364583 0.749537 0.042708 0.300926
1 0.586198 0.640741 0.043229 0.140741
1 0.575521 0.184722 0.045833 0.156481
