3 0.680990 0.936574 0.127604 0.126852
3 0.776563 0.761111 0.129167 0.127778
3 0.647917 0.633796 0.128125 0.121296
3 0.775260 0.468056 0.128646 0.137963
3 0.191927 0.692593 0.124479 0.079630
3 0.286198 0.533333 0.120313 0.077778
3 0.169010 0.379630 0.127604 0.085185
3 0.300260 0.218981 0.122396 0.089815
0 0.471875 0.389815 0.150000 0.585185
1 0.415104 0.346296 0.045833 0.157407
1 0.432031 0.719444 0.053646 0.140741
1 0.536979 0.562037 0.046875 0.127778
1 0.531771 0.176389 0.039583 0.152778
6 0.471354 0.104630 0.108333 0.207407
