0 0.476823 0.433796 0.246354 0.449074
3 0.226823 0.406944 0.080729 0.063889
3 0.265625 0.846296 0.078125 0.057407
3 0.579167 0.937037 0.088542 0.070370
3 0.740104 0.756019 0.086458 0.075000
3 0.739844 0.433333 0.086979 0.092593
3 0.532552 0.488889 0.084896 0.096296
3 0.438021 0.685185 0.079167 0.055556
1 0.419271 0.757870 0.037500 0.254630
1 0.588542 0.655556 0.034375 0.127778
1 0.578125 0.274074 0.036458 0.138889
1 0.367188 0.320370 0.037500 0.146296
10 0.491406 0.262500 0.035937 0.082407
6 0.491406 0.114815 0.085938 0.227778
