0 0.526823 0.373611 0.220312 0.650926
3 0.178646 0.429630 0.145833 0.137037
3 0.351042 0.518056 0.145833 0.165741
3 0.156771 0.896296 0.144792 0.150000
3 0.360677 0.949074 0.154688 0.101852
3 0.894792 0.812037 0.138542 0.101852
3 0.695312 0.745370 0.136458 0.092593
3 0.876302 0.354630 0.139063 0.101852
1 0.437500 0.158796 0.056250 0.200926
1 0.623958 0.223611 0.053125 0.210185
1 0.440625 0.694444 0.066667 0.198148
1 0.620313 0.756019 0.058333 0.195370
10 0.530208 0.141667 0.055208 0.129630
6 0.527344 0.038426 0.139063 0.075000
