0 0.539844 0.305556 0.214062 0.566667
3 0.915885 0.737963 0.140104 0.103704
3 0.890365 0.276852 0.140104 0.105556
3 0.724219 0.697685 0.140104 0.060185
3 0.720052 0.276852 0.129688 0.112963
3 0.375781 0.808796 0.145313 0.110185
3 0.187500 0.789352 0.144792 0.119444
3 0.355990 0.357870 0.138021 0.134259
3 0.194271 0.330556 0.143750 0.118519
1 0.455729 0.123148 0.054167 0.201852
1 0.633333 0.669907 0.057292 0.195370
1 0.468750 0.641667 0.053125 0.194444
1 0.635417 0.137500 0.053125 0.199074
10 0.542708 0.080556 0.054167 0.146296
