3 0.646354 0.390278 0.117708 0.119444
3 0.800000 0.398148 0.127083 0.105556
3 0.822135 0.799537 0.120313 0.099074
3 0.320052 0.824537 0.132812 0.108333
3 0.154427 0.799537 0.132812 0.099074
3 0.314323 0.409722 0.132812 0.128704
3 0.168229 0.375926 0.131250 0.092593
1 0.404948 0.206481 0.052604 0.168519
1 0.570052 0.214352 0.054688 0.184259
1 0.568490 0.698611 0.051562 0.175000
1 0.417448 0.673148 0.049479 0.174074
0 0.487500 0.370370 0.198958 0.516667
10 0.489844 0.161111 0.052604 0.133333
6 0.488281 0.052315 0.123438 0.102778
