0 0.490365 0.304630 0.254688 0.414815
3 0.340885 0.545370 0.039062 0.162963
3 0.352604 0.864815 0.041667 0.183333
3 0.571615 0.857870 0.041146 0.163889
3 0.647396 0.379167 0.037500 0.084259
3 0.641406 0.109722 0.032813 0.113889
3 0.444531 0.383796 0.036979 0.100926
3 0.563802 0.579167 0.036979 0.173148
1 0.379948 0.168981 0.036979 0.150926
1 0.601562 0.171759 0.038542 0.150926
1 0.401302 0.543056 0.036979 0.134259
1 0.605729 0.551852 0.039583 0.137037
10 0.487500 0.154630 0.028125 0.088889
6 0.487240 0.066667 0.108854 0.131481
