0 0.466927 0.356481 0.193229 0.509259
3 0.760417 0.340741 0.110417 0.100000
3 0.757292 0.680556 0.109375 0.096296
3 0.641667 0.901389 0.112500 0.084259
3 0.211719 0.807407 0.101562 0.072222
3 0.342448 0.599074 0.095312 0.066667
3 0.192708 0.347685 0.106250 0.073148
3 0.608073 0.437963 0.117188 0.109259
1 0.422656 0.704167 0.042188 0.271296
1 0.545573 0.568056 0.040104 0.125000
1 0.383333 0.259259 0.044792 0.148148
3 0.353646 0.259722 0.097917 0.058333
10 0.472656 0.172685 0.030729 0.065741
6 0.475000 0.073611 0.089583 0.145370
