3 0.211198 0.420370 0.129688 0.105556
3 0.325000 0.474537 0.129167 0.128704
3 0.196094 0.791204 0.126562 0.117593
3 0.331250 0.838426 0.132292 0.102778
3 0.681510 0.663889 0.125521 0.072222
3 0.827604 0.710185 0.120833 0.083333
3 0.807552 0.328241 0.126562 0.082407
0 0.508073 0.378704 0.166146 0.518519
1 0.454427 0.641204 0.048438 0.152778
1 0.578646 0.689815 0.046875 0.161111
1 0.575000 0.239815 0.052083 0.179630
1 0.445833 0.202315 0.052083 0.169444
10 0.505208 0.184722 0.034375 0.112037
6 0.504427 0.067130 0.108854 0.132407
