3 0.304167 0.507870 0.112500 0.087963
3 0.446354 0.551852 0.112500 0.118519
3 0.289062 0.856944 0.114583 0.091667
3 0.443229 0.900000 0.113542 0.085185
3 0.703385 0.743056 0.100521 0.065741
3 0.856510 0.786111 0.107813 0.072222
3 0.848177 0.439815 0.107813 0.083333
1 0.660156 0.357870 0.045312 0.163889
1 0.650521 0.769444 0.041667 0.146296
1 0.511979 0.730556 0.043750 0.146296
1 0.506510 0.318056 0.049479 0.158333
0 0.580990 0.480556 0.180729 0.481481
6 0.582812 0.125463 0.105208 0.249074
10 0.580729 0.299074 0.047917 0.112963
