3 0.329167 0.720370 0.111458 0.118519
3 0.213021 0.604630 0.108333 0.127778
3 0.318229 0.479167 0.109375 0.128704
3 0.228125 0.328704 0.109375 0.107407
3 0.736458 0.472685 0.103125 0.071296
3 0.627083 0.356019 0.101042 0.080556
3 0.720573 0.218056 0.107813 0.091667
3 0.625521 0.083333 0.105208 0.075926
0 0.471615 0.260185 0.138021 0.494444
1 0.526563 0.212500 0.047917 0.149074
1 0.528385 0.537037 0.039062 0.137037
1 0.428906 0.415278 0.038021 0.126852
1 0.417969 0.079167 0.038021 0.130556
6 0.469010 0.053241 0.093229 0.104630
