3 0.222656 0.483796 0.066146 0.156481
3 0.307292 0.893519 0.067708 0.142593
3 0.538021 0.900463 0.065625 0.141667
3 0.745833 0.511574 0.058333 0.080556
3 0.722917 0.222685 0.065625 0.106481
3 0.520312 0.596759 0.068750 0.160185
3 0.517448 0.512500 0.055729 0.075000
3 0.440625 0.113889 0.062500 0.096296
0 0.488542 0.342130 0.332292 0.526852
1 0.418750 0.576852 0.035417 0.237037
1 0.644271 0.635648 0.035417 0.110185
1 0.624479 0.257407 0.033333 0.131481
1 0.336719 0.142593 0.038021 0.129630
6 0.501563 0.088426 0.089583 0.175000
