3 0.226823 0.442593 0.126562 0.112963
3 0.205990 0.819907 0.125521 0.136111
3 0.367188 0.902315 0.127083 0.132407
3 0.360938 0.546759 0.122917 0.150926
3 0.829688 0.702315 0.116667 0.073148
3 0.671875 0.615741 0.117708 0.072222
3 0.807292 0.331481 0.116667 0.088889
3 0.680208 0.244907 0.114583 0.091667
0 0.520573 0.367130 0.184896 0.573148
1 0.595833 0.702315 0.048958 0.165741
1 0.453646 0.614815 0.043750 0.155556
1 0.598437 0.250463 0.044792 0.184259
1 0.446094 0.161574 0.046354 0.178704
10 0.517448 0.177778 0.047396 0.103704
6 0.518750 0.068981 0.116667 0.136111
