3 0.188021 0.769907 0.134375 0.139815
3 0.358854 0.819907 0.134375 0.128704
3 0.354167 0.426852 0.128125 0.151852
3 0.199479 0.355093 0.132292 0.125000
3 0.662240 0.257870 0.122396 0.078704
3 0.832292 0.274074 0.132292 0.098148
3 0.851823 0.680556 0.126562 0.090741
3 0.667708 0.634259 0.121875 0.081481
0 0.514062 0.290278 0.212500 0.573148
10 0.513021 0.077778 0.044792 0.131481
1 0.603125 0.143981 0.051042 0.199074
1 0.602865 0.635648 0.047396 0.180556
1 0.439583 0.586574 0.055208 0.171296
1 0.428906 0.103241 0.052604 0.186111
