0 0.562500 0.354630 0.183333 0.605556
3 0.759896 0.244907 0.133333 0.091667
3 0.890104 0.346759 0.138542 0.099074
3 0.743490 0.659259 0.136979 0.083333
3 0.904167 0.760185 0.140625 0.083333
3 0.359375 0.916667 0.147917 0.109259
3 0.200260 0.823148 0.145313 0.131481
3 0.346354 0.528704 0.150000 0.144444
3 0.227083 0.404167 0.144792 0.121296
1 0.634115 0.731019 0.050521 0.178704
1 0.488281 0.634722 0.050521 0.169444
1 0.640885 0.250463 0.056771 0.186111
1 0.489323 0.143519 0.051562 0.188889
10 0.565365 0.152778 0.032813 0.112963
6 0.563802 0.048148 0.121354 0.094444
