3 0.348177 0.799074 0.049479 0.222222
3 0.434896 0.892593 0.044792 0.198148
3 0.450781 0.715278 0.049479 0.217593
3 0.541667 0.806019 0.048958 0.200926
3 0.698438 0.192593 0.075000 0.127778
3 0.593229 0.287963 0.073958 0.127778
3 0.616667 0.104167 0.078125 0.150926
1 0.576042 0.435185 0.059375 0.090741
1 0.391406 0.336111 0.067187 0.120370
1 0.494010 0.252315 0.068229 0.121296
1 0.486458 0.529630 0.028125 0.074074
0 0.482031 0.329630 0.242188 0.285185
10 0.400260 0.217593 0.060937 0.122222
6 0.358854 0.120833 0.148958 0.239815
