0 0.455208 0.294444 0.298958 0.518519
3 0.180469 0.252315 0.077604 0.069444
3 0.228906 0.739352 0.081771 0.067593
3 0.546615 0.902778 0.088021 0.098148
3 0.758594 0.683796 0.092188 0.089815
3 0.745313 0.317593 0.092708 0.109259
3 0.494531 0.415741 0.092188 0.120370
3 0.433594 0.531481 0.084896 0.044444
1 0.384115 0.676852 0.039062 0.281481
1 0.595052 0.540278 0.041146 0.134259
1 0.579948 0.111574 0.039062 0.147222
1 0.317448 0.189352 0.040104 0.154630
10 0.470313 0.118519 0.041667 0.081481
6 0.470052 0.041204 0.091146 0.080556
