0 0.561979 0.303241 0.338542 0.491667
1 0.715365 0.590741 0.034896 0.124074
1 0.481771 0.558796 0.032292 0.243519
1 0.695833 0.222222 0.033333 0.144444
1 0.405729 0.130093 0.039583 0.136111
3 0.322396 0.449537 0.055208 0.150926
3 0.403906 0.859259 0.054688 0.122222
3 0.638021 0.850000 0.059375 0.140741
3 0.798958 0.452778 0.051042 0.088889
3 0.775781 0.165278 0.047396 0.099074
3 0.486719 0.079167 0.050521 0.087963
3 0.615625 0.541667 0.054167 0.155556
3 0.564063 0.485648 0.046875 0.084259
10 0.573438 0.163889 0.037500 0.077778
6 0.569792 0.065741 0.087500 0.129630
