0 0.475521 0.319444 0.287500 0.475926
3 0.259375 0.425000 0.055208 0.122222
3 0.322656 0.808333 0.053646 0.116667
3 0.532813 0.803241 0.057292 0.119444
3 0.693490 0.488426 0.049479 0.067593
3 0.515104 0.518519 0.054167 0.133333
3 0.676823 0.218981 0.050521 0.089815
3 0.491406 0.495833 0.049479 0.052778
1 0.597917 0.238889 0.034375 0.124074
1 0.344010 0.140278 0.033854 0.117593
1 0.613802 0.582870 0.030729 0.110185
1 0.407813 0.542593 0.031250 0.214815
10 0.488802 0.186574 0.032813 0.067593
6 0.490365 0.081019 0.080729 0.160185
