3 0.169010 0.497222 0.047396 0.098148
3 0.175521 0.178704 0.053125 0.083333
3 0.487500 0.069907 0.050000 0.084259
3 0.650260 0.477315 0.057813 0.143519
3 0.429167 0.522685 0.053125 0.108333
3 0.326042 0.586574 0.056250 0.147222
3 0.323698 0.930093 0.050521 0.139815
3 0.593229 0.935185 0.050000 0.129630
1 0.505469 0.595833 0.036979 0.236111
1 0.244010 0.636111 0.034896 0.131481
1 0.250260 0.236574 0.040104 0.139815
1 0.572396 0.135185 0.036458 0.135185
0 0.409896 0.337963 0.353125 0.538889
6 0.387240 0.082407 0.095312 0.162963
10 0.389844 0.181944 0.025521 0.089815
