0 0.483333 0.307870 0.322917 0.549074
3 0.224479 0.442593 0.067708 0.150000
3 0.297135 0.870833 0.070312 0.139815
3 0.530990 0.903241 0.066146 0.143519
3 0.511458 0.595370 0.069792 0.161111
3 0.512240 0.452315 0.059896 0.080556
3 0.740365 0.470370 0.060937 0.085185
3 0.725521 0.181944 0.058333 0.102778
3 0.441406 0.050000 0.063021 0.098148
6 0.498698 0.076389 0.093229 0.150926
1 0.636979 0.612963 0.033333 0.109259
1 0.403906 0.537963 0.035937 0.233333
1 0.622135 0.246759 0.034896 0.141667
1 0.336458 0.100000 0.034375 0.133333
10 0.498177 0.176852 0.026562 0.064815
