3 0.207552 0.431019 0.057813 0.156481
3 0.297917 0.879167 0.065625 0.139815
3 0.568229 0.852778 0.058333 0.151852
3 0.732812 0.439352 0.055208 0.073148
3 0.537240 0.525000 0.057813 0.157407
3 0.482292 0.469444 0.055208 0.072222
3 0.711979 0.127315 0.056250 0.104630
3 0.396354 0.037037 0.051042 0.072222
0 0.473698 0.270833 0.369271 0.539815
1 0.649479 0.574074 0.035417 0.125926
1 0.389583 0.540278 0.040625 0.256481
1 0.628646 0.162037 0.040625 0.155556
1 0.308073 0.074074 0.039062 0.146296
10 0.487240 0.109722 0.042188 0.075000
