0 0.592187 0.325926 0.332292 0.514815
6 0.611719 0.075000 0.089063 0.148148
10 0.610677 0.176389 0.034896 0.078704
3 0.646615 0.578241 0.056771 0.150926
3 0.598437 0.476389 0.055208 0.082407
3 0.348438 0.456481 0.059375 0.148148
3 0.414062 0.886111 0.061458 0.137037
3 0.655469 0.893981 0.058854 0.134259
3 0.835156 0.472222 0.053646 0.081481
3 0.821094 0.162963 0.053646 0.100000
3 0.528385 0.074074 0.052604 0.098148
1 0.439323 0.135648 0.035937 0.139815
1 0.738021 0.232870 0.035417 0.128704
1 0.751042 0.621296 0.034375 0.114815
1 0.509635 0.572222 0.034896 0.229630
