0 0.527083 0.334259 0.288542 0.516667
6 0.512760 0.091667 0.088021 0.181481
3 0.299479 0.501389 0.056250 0.082407
3 0.312500 0.223611 0.057292 0.080556
3 0.708073 0.828241 0.058854 0.149074
3 0.500260 0.861111 0.066146 0.138889
3 0.755469 0.425000 0.065104 0.122222
3 0.509635 0.487037 0.058854 0.081481
3 0.497656 0.557870 0.061979 0.123148
3 0.559375 0.096759 0.059375 0.078704
1 0.599479 0.540741 0.036458 0.218519
1 0.392969 0.610648 0.034896 0.108333
1 0.404948 0.268519 0.035937 0.125926
1 0.658854 0.139352 0.035417 0.128704
