0 0.560156 0.361574 0.309896 0.476852
1 0.412500 0.188889 0.032292 0.135185
1 0.693490 0.273148 0.031771 0.131481
1 0.708594 0.633796 0.030729 0.117593
1 0.482292 0.600000 0.034375 0.225926
3 0.401302 0.897222 0.058854 0.133333
3 0.635156 0.877778 0.048438 0.142593
3 0.784896 0.501852 0.045833 0.081481
3 0.764062 0.226852 0.051042 0.096296
3 0.495573 0.134259 0.049479 0.101852
3 0.329948 0.495833 0.053646 0.147222
3 0.617188 0.594907 0.048958 0.139815
3 0.562760 0.529167 0.051562 0.078704
10 0.572917 0.222685 0.021875 0.071296
6 0.571615 0.096296 0.083854 0.190741
