0 0.531250 0.404167 0.164583 0.469444
1 0.596615 0.327315 0.035937 0.134259
1 0.561979 0.759722 0.035417 0.265741
1 0.456771 0.632870 0.033333 0.121296
3 0.267708 0.398611 0.107292 0.073148
3 0.391406 0.499074 0.107813 0.083333
3 0.240104 0.751389 0.104167 0.087963
3 0.338802 0.950926 0.107813 0.085185
3 0.763802 0.883333 0.102604 0.061111
3 0.651823 0.688426 0.100521 0.062037
3 0.801302 0.437037 0.102604 0.079630
3 0.669531 0.342130 0.100521 0.076852
6 0.517708 0.104630 0.090625 0.207407
10 0.519792 0.248611 0.028125 0.091667
