0 0.496875 0.437963 0.121875 0.498148
3 0.176823 0.465278 0.133854 0.093519
3 0.261198 0.768056 0.124479 0.076852
3 0.184896 0.831944 0.129167 0.078704
3 0.717969 0.885185 0.127604 0.116667
3 0.790104 0.818056 0.132292 0.095370
3 0.698438 0.525000 0.132292 0.114815
3 0.808854 0.470370 0.134375 0.116667
1 0.448958 0.749537 0.046875 0.156481
1 0.539583 0.688889 0.047917 0.148148
1 0.447135 0.318519 0.044271 0.164815
1 0.543229 0.262963 0.040625 0.151852
10 0.495052 0.258796 0.030729 0.113889
6 0.495833 0.104630 0.107292 0.207407
