0 0.429167 0.363426 0.311458 0.462037
3 0.219271 0.235648 0.043750 0.075000
3 0.212760 0.538426 0.042188 0.073148
3 0.361458 0.856019 0.044792 0.126852
3 0.590365 0.885185 0.050521 0.122222
3 0.646354 0.454630 0.053125 0.109259
3 0.434375 0.578704 0.039583 0.077778
3 0.360417 0.524537 0.044792 0.102778
1 0.509375 0.604630 0.030208 0.229630
1 0.281510 0.623148 0.028646 0.116667
1 0.293750 0.257407 0.034375 0.124074
1 0.569792 0.186574 0.032292 0.126852
6 0.410938 0.092593 0.079167 0.183333
10 0.411458 0.215741 0.028125 0.075926
