3 0.271094 0.429167 0.094271 0.071296
3 0.333073 0.648611 0.091146 0.063889
3 0.276562 0.692593 0.093750 0.061111
3 0.663021 0.725926 0.093750 0.077778
3 0.714063 0.683796 0.095833 0.071296
3 0.649479 0.469444 0.096875 0.075926
3 0.729427 0.431019 0.097396 0.086111
1 0.468750 0.628241 0.032292 0.119444
1 0.532031 0.586111 0.032813 0.112963
1 0.467969 0.320833 0.034896 0.121296
1 0.535937 0.283796 0.030208 0.119444
0 0.500521 0.413889 0.093750 0.368519
6 0.502083 0.120833 0.078125 0.239815
10 0.502083 0.278241 0.023958 0.076852
