3 0.371094 0.110185 0.066146 0.040741
3 0.372396 0.142130 0.063542 0.050926
3 0.309896 0.407870 0.097917 0.073148
3 0.289062 0.510648 0.100000 0.067593
3 0.292187 0.703704 0.093750 0.062963
3 0.273177 0.886111 0.096354 0.061111
3 0.673177 0.897222 0.103646 0.061111
3 0.677604 0.711574 0.094792 0.060185
3 0.674479 0.524537 0.097917 0.076852
3 0.685937 0.424074 0.093750 0.072222
3 0.694531 0.145833 0.075521 0.052778
3 0.690625 0.105556 0.077083 0.050000
1 0.478646 0.764815 0.031250 0.214815
1 0.477083 0.394907 0.032292 0.123148
6 0.486198 0.141204 0.071354 0.280556
