0 0.525781 0.288426 0.328646 0.467593
3 0.753906 0.430556 0.043229 0.072222
3 0.731250 0.143519 0.046875 0.098148
3 0.623958 0.810648 0.044792 0.130556
3 0.381510 0.845833 0.051562 0.134259
3 0.304167 0.443519 0.048958 0.150000
3 0.518229 0.460185 0.048958 0.075926
3 0.600260 0.518056 0.050521 0.147222
3 0.443750 0.065278 0.046875 0.089815
1 0.450781 0.527778 0.031771 0.224074
1 0.687240 0.557870 0.030729 0.117593
1 0.666146 0.189815 0.029167 0.140741
1 0.372396 0.120833 0.033333 0.132407
10 0.540885 0.152315 0.028646 0.071296
6 0.541667 0.064352 0.085417 0.126852
