0 0.587500 0.403241 0.294792 0.465741
1 0.465104 0.233796 0.035417 0.132407
1 0.717969 0.303241 0.035937 0.130556
1 0.447917 0.634259 0.034375 0.131481
1 0.651563 0.747222 0.035417 0.264815
3 0.303385 0.792130 0.075521 0.102778
3 0.332031 0.434722 0.079687 0.082407
3 0.571354 0.657870 0.071875 0.058333
3 0.513542 0.959722 0.072917 0.080556
3 0.776823 0.830093 0.073438 0.060185
3 0.844010 0.381481 0.068229 0.066667
3 0.585938 0.510648 0.077083 0.091667
6 0.572135 0.100000 0.085938 0.198148
10 0.571875 0.240278 0.040625 0.082407
