0 0.568490 0.357407 0.300521 0.488889
3 0.317969 0.383796 0.079687 0.087963
3 0.290885 0.743056 0.076563 0.099074
3 0.497135 0.920370 0.079687 0.109259
3 0.763021 0.763889 0.071875 0.064815
3 0.826562 0.326852 0.071875 0.070370
3 0.570312 0.463889 0.080208 0.083333
3 0.559115 0.593056 0.073438 0.065741
1 0.450781 0.182407 0.039062 0.133333
1 0.702865 0.254167 0.036979 0.136111
1 0.435417 0.580093 0.034375 0.130556
1 0.637500 0.688889 0.038542 0.257407
6 0.553646 0.074537 0.091667 0.147222
10 0.556771 0.183333 0.043750 0.088889
