3 0.277604 0.693519 0.094792 0.057407
3 0.260937 0.874537 0.102083 0.062037
3 0.273438 0.499074 0.098958 0.062963
3 0.295833 0.397222 0.093750 0.064815
3 0.359635 0.135648 0.060937 0.041667
3 0.359896 0.098611 0.062500 0.049074
3 0.678646 0.099537 0.078125 0.045370
3 0.680990 0.136111 0.078646 0.059259
3 0.671615 0.411574 0.094271 0.073148
3 0.661198 0.509722 0.095312 0.078704
3 0.662240 0.704167 0.097396 0.060185
3 0.657552 0.886111 0.095312 0.061111
1 0.464323 0.743056 0.027604 0.226852
1 0.463281 0.383796 0.028646 0.123148
6 0.471094 0.137963 0.070312 0.274074
