0 0.570312 0.342130 0.288542 0.478704
3 0.314583 0.374537 0.079167 0.082407
3 0.286719 0.731944 0.075521 0.095370
3 0.492188 0.908796 0.075000 0.112037
3 0.758333 0.759259 0.071875 0.061111
3 0.825000 0.317130 0.069792 0.076852
3 0.554427 0.586574 0.073438 0.062037
3 0.567708 0.459722 0.079167 0.082407
1 0.698958 0.240741 0.034375 0.133333
1 0.448698 0.169907 0.032813 0.132407
1 0.430990 0.569907 0.032813 0.130556
1 0.633333 0.679167 0.034375 0.258333
10 0.554167 0.177778 0.044792 0.085185
6 0.553906 0.068981 0.088021 0.136111
