3 0.705729 0.527315 0.136458 0.108333
3 0.819010 0.478704 0.132812 0.114815
3 0.798958 0.826852 0.132292 0.096296
3 0.727344 0.883796 0.128646 0.110185
3 0.268490 0.775926 0.127604 0.075926
3 0.190885 0.833333 0.130729 0.079630
3 0.184635 0.471759 0.132812 0.104630
1 0.456250 0.327778 0.042708 0.162963
1 0.552344 0.270370 0.038021 0.155556
1 0.459896 0.756019 0.046875 0.156481
1 0.547396 0.697222 0.046875 0.166667
0 0.503646 0.443519 0.119792 0.494444
6 0.504948 0.106481 0.111979 0.211111
10 0.503646 0.262500 0.034375 0.113889
