0 0.537500 0.338426 0.208333 0.536111
1 0.489583 0.716667 0.041667 0.294444
1 0.627344 0.580093 0.034896 0.136111
1 0.448958 0.247222 0.050000 0.150000
1 0.620313 0.145833 0.034375 0.143519
3 0.669010 0.439815 0.116146 0.112963
3 0.841146 0.336111 0.109375 0.101852
3 0.845313 0.709259 0.113542 0.088889
3 0.709635 0.928704 0.115104 0.085185
3 0.264323 0.848148 0.107813 0.074074
3 0.409375 0.637963 0.104167 0.074074
3 0.244271 0.353704 0.114583 0.074074
10 0.545312 0.158796 0.027083 0.097222
6 0.546354 0.060185 0.093750 0.118519
