0 0.438021 0.340741 0.343750 0.487037
3 0.212760 0.473148 0.049479 0.135185
3 0.285417 0.906019 0.045833 0.123148
3 0.538281 0.850926 0.046354 0.118519
3 0.658073 0.523148 0.041146 0.074074
3 0.641667 0.201389 0.044792 0.095370
3 0.517708 0.536111 0.047917 0.137037
3 0.415885 0.579630 0.041146 0.079630
1 0.598958 0.614352 0.033333 0.113889
1 0.352083 0.609722 0.036458 0.245370
1 0.277344 0.166667 0.038021 0.133333
1 0.581250 0.227315 0.034375 0.141667
6 0.452083 0.081481 0.084375 0.161111
10 0.449219 0.187963 0.025521 0.068519
