0 0.455990 0.401389 0.344271 0.489815
3 0.226562 0.527315 0.052083 0.139815
3 0.304427 0.951852 0.048438 0.096296
3 0.555729 0.907407 0.047917 0.125926
3 0.678385 0.577315 0.041146 0.067593
3 0.662240 0.255556 0.046354 0.092593
3 0.535417 0.590278 0.050000 0.130556
3 0.432812 0.629167 0.041667 0.071296
1 0.618229 0.671296 0.032292 0.116667
1 0.369792 0.666204 0.038542 0.252778
1 0.600000 0.281019 0.036458 0.143519
1 0.297135 0.222222 0.034896 0.142593
6 0.469531 0.107870 0.086979 0.213889
10 0.471875 0.239815 0.021875 0.074074
