0 0.464844 0.339352 0.351562 0.525000
3 0.236458 0.551389 0.046875 0.080556
3 0.374479 0.892593 0.047917 0.137037
3 0.638281 0.942130 0.045312 0.115741
3 0.696615 0.457870 0.053646 0.115741
3 0.489844 0.591667 0.046354 0.077778
3 0.382812 0.524074 0.050000 0.127778
3 0.247917 0.193981 0.043750 0.075000
1 0.300781 0.632407 0.034896 0.114815
1 0.557813 0.618056 0.031250 0.252778
1 0.626563 0.142593 0.036458 0.131481
1 0.314844 0.214815 0.034896 0.135185
10 0.447917 0.172685 0.032292 0.080556
6 0.448958 0.072222 0.094792 0.142593
