3 0.334115 0.820370 0.040104 0.111111
3 0.562760 0.767130 0.044271 0.113889
3 0.672396 0.478704 0.037500 0.074074
3 0.656510 0.183333 0.041146 0.079630
3 0.266146 0.427778 0.044792 0.127778
3 0.450781 0.529167 0.039062 0.067593
3 0.544010 0.483796 0.046354 0.125000
1 0.327604 0.153241 0.033333 0.121296
1 0.600260 0.204167 0.030729 0.130556
1 0.617448 0.565741 0.031771 0.116667
1 0.394010 0.555556 0.029687 0.233333
0 0.471354 0.315278 0.313542 0.443519
6 0.482552 0.072222 0.080729 0.142593
10 0.482031 0.169907 0.024479 0.060185
