0 0.527083 0.311574 0.295833 0.412037
3 0.282813 0.577315 0.044792 0.123148
3 0.326562 0.432407 0.045833 0.120370
3 0.360417 0.946296 0.044792 0.107407
3 0.401302 0.801389 0.042188 0.112037
3 0.569010 0.905556 0.046354 0.124074
3 0.611198 0.755556 0.041146 0.118519
3 0.723437 0.463889 0.039583 0.070370
3 0.549479 0.628241 0.045833 0.132407
3 0.520312 0.507870 0.037500 0.050926
3 0.591406 0.484259 0.045312 0.124074
3 0.698438 0.189815 0.039583 0.079630
1 0.646354 0.211111 0.028125 0.127778
1 0.388802 0.163426 0.033854 0.123148
1 0.667448 0.545370 0.028646 0.112963
1 0.459635 0.534259 0.032813 0.216667
10 0.536198 0.171296 0.032813 0.061111
6 0.535417 0.075463 0.073958 0.149074
