3 0.224219 0.217593 0.110937 0.051852
3 0.404687 0.191204 0.106250 0.054630
3 0.211979 0.388426 0.104167 0.054630
3 0.388802 0.368981 0.099479 0.054630
3 0.372135 0.633796 0.113021 0.054630
3 0.181510 0.656481 0.115104 0.059259
3 0.362240 0.778704 0.105729 0.061111
3 0.196354 0.794444 0.103125 0.061111
3 0.804948 0.816204 0.109896 0.062037
3 0.827865 0.679167 0.116146 0.075000
3 0.822135 0.399074 0.104688 0.057407
3 0.841927 0.232870 0.110937 0.073148
1 0.589583 0.717130 0.032292 0.156481
1 0.589063 0.574537 0.036458 0.093519
6 0.608333 0.162963 0.081250 0.324074
