3 0.270833 0.325463 0.104167 0.073148
3 0.663542 0.288889 0.102083 0.070370
3 0.791927 0.317130 0.094271 0.071296
3 0.292187 0.530556 0.106250 0.068519
3 0.256771 0.595370 0.096875 0.075926
3 0.268229 0.864352 0.106250 0.075000
3 0.679948 0.826389 0.098437 0.062037
3 0.816406 0.853241 0.098437 0.063889
3 0.783073 0.587037 0.097396 0.055556
3 0.837760 0.522685 0.102604 0.075000
3 0.700260 0.488426 0.099479 0.073148
3 0.652604 0.561574 0.095833 0.065741
1 0.478646 0.716667 0.034375 0.224074
1 0.485156 0.388889 0.035937 0.118519
1 0.459896 0.518981 0.028125 0.091667
6 0.467187 0.118056 0.073958 0.234259
10 0.470573 0.264352 0.023438 0.056481
