3 0.230208 0.276389 0.098958 0.073148
3 0.365625 0.225926 0.098958 0.066667
3 0.200000 0.461574 0.106250 0.073148
3 0.344792 0.406481 0.104167 0.070370
3 0.217969 0.550000 0.092188 0.068519
3 0.349479 0.506481 0.094792 0.072222
3 0.196615 0.805093 0.101562 0.069444
3 0.333333 0.751389 0.098958 0.069444
3 0.751042 0.742130 0.098958 0.073148
3 0.745052 0.488426 0.100521 0.073148
3 0.763281 0.396759 0.106771 0.084259
3 0.758594 0.210185 0.101562 0.074074
1 0.547135 0.607407 0.030729 0.229630
1 0.546875 0.272685 0.033333 0.128704
6 0.550521 0.064352 0.077083 0.126852
