1 0.352083 0.298148 0.032292 0.127778
1 0.580469 0.244444 0.033854 0.118519
1 0.418490 0.694444 0.030729 0.233333
1 0.598958 0.602315 0.031250 0.106481
0 0.477865 0.498611 0.280729 0.626852
3 0.239844 0.389352 0.066146 0.054630
3 0.715365 0.404630 0.070312 0.085185
3 0.732812 0.720833 0.075000 0.073148
3 0.546615 0.867593 0.074479 0.079630
3 0.290885 0.798148 0.072396 0.061111
3 0.471354 0.644907 0.066667 0.050926
3 0.485938 0.465741 0.071875 0.092593
10 0.483594 0.243519 0.028646 0.068519
6 0.482812 0.104630 0.076042 0.207407
