3 0.240104 0.285648 0.109375 0.073148
3 0.397656 0.226852 0.113021 0.064815
3 0.211979 0.495833 0.122917 0.084259
3 0.379427 0.436574 0.120313 0.080556
3 0.225260 0.611574 0.108854 0.073148
3 0.376042 0.562500 0.112500 0.075000
3 0.201563 0.911574 0.118750 0.095370
3 0.360156 0.850463 0.114062 0.087963
3 0.850000 0.832870 0.119792 0.067593
3 0.840625 0.542593 0.111458 0.070370
3 0.867969 0.425926 0.123438 0.083333
3 0.854167 0.217130 0.116667 0.082407
1 0.612500 0.285648 0.039583 0.143519
1 0.611198 0.680556 0.034896 0.242593
6 0.616406 0.059722 0.091146 0.117593
