3 0.821875 0.330556 0.111458 0.087037
3 0.838802 0.571759 0.118229 0.095370
3 0.812500 0.635648 0.112500 0.069444
3 0.835677 0.949074 0.116146 0.070370
3 0.635677 0.878704 0.111979 0.064815
3 0.628385 0.565741 0.110937 0.075926
3 0.644010 0.503241 0.116146 0.091667
3 0.634115 0.267130 0.110937 0.087963
3 0.151823 0.867593 0.113021 0.081481
3 0.166927 0.558796 0.108854 0.069444
3 0.161458 0.483333 0.121875 0.083333
3 0.172396 0.243519 0.114583 0.070370
1 0.403125 0.725000 0.033333 0.250000
1 0.397656 0.348611 0.034896 0.147222
6 0.399219 0.085648 0.084896 0.169444
10 0.398177 0.199074 0.026562 0.074074
3 0.167708 0.153704 0.242708 0.205556
3 0.850781 0.242130 0.226562 0.213889
1 0.396094 0.710185 0.084896 0.268519
1 0.647135 0.693519 0.088021 0.275926
3 0.861198 0.934722 0.234896 0.130556
3 0.176823 0.900926 0.245312 0.159259
0 0.505729 0.290278 0.304167 0.578704
