3 0.235156 0.275463 0.115104 0.082407
3 0.391146 0.215278 0.114583 0.071296
3 0.204948 0.479167 0.122396 0.086111
3 0.373437 0.420370 0.125000 0.081481
3 0.220052 0.602315 0.108854 0.080556
3 0.372396 0.546759 0.109375 0.076852
3 0.195052 0.893519 0.120313 0.092593
3 0.355990 0.830556 0.115104 0.083333
3 0.846094 0.817593 0.118229 0.075926
3 0.835417 0.531019 0.114583 0.076852
3 0.862500 0.409259 0.119792 0.088889
3 0.850000 0.204630 0.113542 0.088889
1 0.606771 0.664352 0.035417 0.262037
1 0.607031 0.265741 0.036979 0.146296
6 0.610938 0.048611 0.090625 0.095370
