0 0.498177 0.519444 0.281771 0.624074
3 0.257031 0.413889 0.068229 0.061111
3 0.308854 0.817130 0.072917 0.054630
3 0.564323 0.890741 0.073438 0.074074
3 0.751823 0.743056 0.070312 0.073148
3 0.734375 0.431481 0.072917 0.088889
3 0.506771 0.488889 0.071875 0.090741
3 0.491146 0.670370 0.069792 0.066667
1 0.434115 0.726389 0.030729 0.213889
1 0.617448 0.626389 0.035937 0.115741
1 0.600260 0.264815 0.035937 0.114815
1 0.371094 0.320833 0.026562 0.125000
6 0.502083 0.115278 0.078125 0.228704
10 0.502083 0.265741 0.034375 0.075926
