0 0.393750 0.393056 0.319792 0.587963
3 0.175000 0.553704 0.045833 0.070370
3 0.319531 0.866667 0.050521 0.140741
3 0.564844 0.897222 0.055729 0.127778
3 0.620833 0.433796 0.054167 0.123148
3 0.408073 0.593056 0.045312 0.067593
3 0.327604 0.519907 0.045833 0.123148
3 0.183333 0.230556 0.046875 0.077778
1 0.544271 0.160648 0.036458 0.134259
1 0.254427 0.239352 0.041146 0.134259
1 0.244531 0.626389 0.030729 0.128704
1 0.479167 0.602778 0.035417 0.251852
6 0.379167 0.082870 0.084375 0.163889
10 0.380729 0.188426 0.027083 0.080556
