3 0.159635 0.615278 0.053646 0.136111
3 0.211719 0.438426 0.047396 0.134259
3 0.297135 0.915741 0.051562 0.112963
3 0.569010 0.832407 0.046354 0.118519
3 0.690885 0.570370 0.038021 0.066667
3 0.491146 0.668056 0.052083 0.139815
3 0.545312 0.478704 0.047917 0.140741
3 0.669792 0.203704 0.043750 0.085185
3 0.429948 0.652778 0.042188 0.066667
1 0.361719 0.619444 0.033854 0.261111
1 0.609115 0.176852 0.039062 0.140741
1 0.628646 0.609722 0.035417 0.134259
1 0.282292 0.138889 0.038542 0.142593
0 0.451823 0.320370 0.379688 0.529630
10 0.468229 0.137500 0.041667 0.078704
6 0.470833 0.050463 0.092708 0.099074
17 0.519010 0.512037 0.315104 0.524074
