0 0.448177 0.276852 0.381771 0.496296
3 0.204167 0.524537 0.044792 0.071296
3 0.220833 0.147222 0.046875 0.075926
3 0.383594 0.612963 0.045312 0.137037
3 0.331250 0.845370 0.042708 0.148148
3 0.610938 0.927778 0.046875 0.144444
3 0.732292 0.570833 0.050000 0.136111
3 0.688281 0.408333 0.051562 0.124074
3 0.476302 0.615278 0.043229 0.062037
3 0.341146 0.446759 0.043750 0.121296
1 0.281771 0.136574 0.039583 0.149074
1 0.621615 0.106944 0.039062 0.152778
1 0.263021 0.581481 0.037500 0.135185
1 0.537760 0.604167 0.042188 0.275000
10 0.427344 0.105093 0.044271 0.093519
6 0.426823 0.033333 0.097396 0.064815
2 0.559896 0.517130 0.364583 0.743519
