0 0.465625 0.356019 0.257292 0.341667
3 0.304427 0.512037 0.027604 0.050000
3 0.386979 0.718981 0.033333 0.100926
3 0.416667 0.831481 0.032292 0.096296
3 0.601823 0.887037 0.035937 0.098148
3 0.572135 0.780556 0.027604 0.101852
3 0.483854 0.576389 0.033333 0.060185
3 0.424479 0.564815 0.033333 0.087037
3 0.395052 0.456481 0.028646 0.079630
3 0.316927 0.268519 0.033854 0.050000
3 0.623437 0.433796 0.032292 0.093519
3 0.653906 0.542130 0.031771 0.093519
1 0.343490 0.545833 0.028646 0.089815
1 0.526823 0.568981 0.023438 0.197222
1 0.580469 0.233796 0.026562 0.100926
1 0.358594 0.255556 0.026562 0.101852
6 0.453646 0.104167 0.066667 0.206481
10 0.450781 0.234259 0.028646 0.053704
2 0.572396 0.544444 0.389583 0.788889
