3 0.214583 0.252315 0.098958 0.069444
3 0.349479 0.200463 0.098958 0.067593
3 0.187500 0.430556 0.106250 0.074074
3 0.330208 0.379630 0.110417 0.072222
3 0.203125 0.533333 0.092708 0.070370
3 0.333594 0.488426 0.093229 0.076852
3 0.181771 0.780556 0.102083 0.070370
3 0.319010 0.734722 0.095312 0.069444
3 0.739844 0.717130 0.101562 0.073148
3 0.730990 0.468519 0.097396 0.068519
3 0.749219 0.368519 0.107813 0.083333
3 0.742188 0.190741 0.102083 0.068519
1 0.534115 0.581944 0.029687 0.249074
1 0.533333 0.245370 0.035417 0.125926
6 0.535937 0.051389 0.078125 0.100926
