0 0.483594 0.225463 0.340104 0.449074
3 0.226562 0.510185 0.042708 0.125926
3 0.271875 0.342130 0.045833 0.128704
3 0.348438 0.763889 0.043750 0.112963
3 0.292708 0.948611 0.048958 0.102778
3 0.545833 0.879630 0.045833 0.114815
3 0.593229 0.696296 0.044792 0.114815
3 0.524479 0.563889 0.045833 0.131481
3 0.698698 0.431019 0.039062 0.060185
3 0.682292 0.106481 0.036458 0.081481
3 0.465365 0.500000 0.039062 0.066667
3 0.570833 0.385185 0.039583 0.129630
1 0.332552 0.059722 0.034896 0.117593
1 0.403646 0.492593 0.035417 0.253704
1 0.643750 0.482870 0.030208 0.123148
1 0.629167 0.093981 0.033333 0.134259
10 0.503385 0.065278 0.038021 0.075000
16 0.519010 0.297685 0.804688 0.178704
