3 0.362500 0.206481 0.089583 0.077778
3 0.348177 0.381481 0.084896 0.081481
3 0.433854 0.509259 0.088542 0.079630
3 0.403125 0.691667 0.090625 0.087037
3 0.754167 0.530556 0.091667 0.044444
3 0.777604 0.361111 0.089583 0.033333
3 0.697656 0.224537 0.085938 0.049074
3 0.705469 0.060185 0.088021 0.038889
6 0.561719 0.091667 0.069271 0.181481
1 0.583854 0.530556 0.042708 0.164815
1 0.600521 0.361111 0.048958 0.098148
0 0.563802 0.246296 0.102604 0.470370
9 0.592969 0.686111 0.204687 0.622222
9 0.242188 0.688889 0.255208 0.622222
