3 0.804427 0.364352 0.100521 0.076852
3 0.688542 0.641204 0.105208 0.075000
3 0.821354 0.709259 0.109375 0.075926
3 0.417187 0.827778 0.113542 0.094444
3 0.283333 0.763426 0.111458 0.113889
3 0.403385 0.500463 0.116146 0.128704
3 0.295833 0.418981 0.114583 0.106481
1 0.615885 0.258333 0.042188 0.162963
1 0.495052 0.199074 0.043229 0.159259
1 0.614583 0.668981 0.046875 0.143519
1 0.497396 0.598611 0.044792 0.152778
0 0.557031 0.435185 0.168229 0.638889
10 0.557292 0.191204 0.040625 0.099074
6 0.555729 0.072685 0.106250 0.143519
