0 0.553385 0.374074 0.329688 0.492593
6 0.568750 0.112963 0.083333 0.224074
3 0.479687 0.131019 0.050000 0.087963
3 0.314583 0.526852 0.054167 0.150000
3 0.388281 0.920370 0.058854 0.137037
3 0.630469 0.909722 0.052604 0.134259
3 0.608594 0.626389 0.048438 0.152778
3 0.778125 0.500926 0.048958 0.077778
3 0.760938 0.225000 0.050000 0.100000
3 0.550260 0.513889 0.050521 0.085185
1 0.466406 0.600926 0.031771 0.238889
1 0.702604 0.650926 0.032292 0.120370
1 0.691406 0.291667 0.035937 0.133333
1 0.398177 0.196759 0.034896 0.130556
