0 0.545833 0.437037 0.154167 0.488889
1 0.605729 0.332870 0.041667 0.163889
1 0.485677 0.269907 0.045312 0.162037
1 0.486198 0.667593 0.041146 0.148148
1 0.604167 0.736574 0.044792 0.150926
3 0.678385 0.710185 0.100521 0.075926
3 0.813021 0.780556 0.106250 0.075926
3 0.794792 0.436111 0.106250 0.079630
3 0.392448 0.566204 0.113021 0.126852
3 0.286198 0.486574 0.113021 0.113889
3 0.272135 0.836574 0.109896 0.121296
3 0.404948 0.897222 0.117188 0.105556
6 0.548177 0.109722 0.105729 0.217593
10 0.544531 0.266204 0.046354 0.095370
