0 0.501302 0.379167 0.319271 0.449074
1 0.353646 0.217593 0.031250 0.129630
1 0.635677 0.260185 0.034896 0.129630
1 0.650000 0.628704 0.031250 0.111111
1 0.421875 0.642130 0.033333 0.243519
3 0.298177 0.474074 0.042188 0.107407
3 0.366667 0.884259 0.043750 0.096296
3 0.480729 0.664815 0.040625 0.050000
3 0.597917 0.825926 0.044792 0.100000
3 0.703646 0.600000 0.039583 0.057407
3 0.685156 0.289352 0.041146 0.071296
10 0.515625 0.229630 0.033333 0.072222
6 0.518750 0.100926 0.080208 0.200000
1 0.469271 0.471296 0.273958 0.940741
