3 0.813281 0.476389 0.107813 0.076852
3 0.832292 0.820370 0.105208 0.074074
3 0.696094 0.752315 0.102604 0.073148
3 0.423438 0.943981 0.116667 0.099074
3 0.292708 0.882407 0.114583 0.122222
3 0.410417 0.611111 0.113542 0.127778
3 0.302083 0.536574 0.118750 0.102778
1 0.501823 0.312963 0.044271 0.162963
1 0.621354 0.376852 0.043750 0.162963
1 0.503646 0.709722 0.045833 0.152778
1 0.621354 0.779167 0.050000 0.147222
0 0.561979 0.477778 0.161458 0.481481
6 0.564583 0.131481 0.102083 0.261111
10 0.563281 0.311111 0.045312 0.109259
