3 0.294010 0.534722 0.053646 0.086111
3 0.297656 0.280093 0.053646 0.076852
3 0.485938 0.914815 0.062500 0.138889
3 0.695052 0.875463 0.060937 0.143519
3 0.487500 0.636574 0.061458 0.130556
3 0.747396 0.493519 0.060417 0.127778
3 0.542708 0.139815 0.054167 0.075926
3 0.500781 0.506944 0.044271 0.075000
0 0.513281 0.387963 0.276562 0.485185
6 0.497396 0.138426 0.082292 0.275000
1 0.391406 0.347222 0.035937 0.118519
1 0.382552 0.661574 0.030729 0.104630
1 0.589844 0.580556 0.040104 0.194444
1 0.646615 0.205093 0.035937 0.121296
