3 0.376563 0.921759 0.052083 0.137963
3 0.663021 0.856019 0.048958 0.132407
3 0.796875 0.520370 0.048958 0.061111
3 0.515625 0.591204 0.051042 0.071296
3 0.298177 0.433796 0.051562 0.150926
3 0.774219 0.166204 0.049479 0.097222
3 0.646875 0.495833 0.053125 0.150926
0 0.544271 0.294907 0.389583 0.547222
1 0.446875 0.596759 0.037500 0.289815
1 0.726823 0.603704 0.041146 0.137037
1 0.711198 0.161574 0.039062 0.163889
1 0.368490 0.101852 0.041146 0.161111
10 0.563281 0.116667 0.025521 0.088889
6 0.564323 0.045833 0.104688 0.089815
