3 0.731771 0.782870 0.041667 0.126852
3 0.809896 0.465278 0.039583 0.067593
3 0.472396 0.886111 0.045833 0.131481
3 0.383594 0.456481 0.041146 0.144444
3 0.784896 0.142593 0.039583 0.092593
3 0.558073 0.569444 0.039062 0.081481
3 0.701302 0.465741 0.051562 0.137037
1 0.513021 0.596759 0.037500 0.263889
1 0.766146 0.562500 0.037500 0.141667
1 0.742708 0.168056 0.037500 0.143519
1 0.427604 0.148148 0.032292 0.150000
0 0.595052 0.297685 0.356771 0.445370
10 0.607812 0.143056 0.030208 0.078704
6 0.605729 0.056481 0.094792 0.111111
