1 0.404948 0.209722 0.042188 0.112037
1 0.591146 0.179167 0.035417 0.113889
1 0.604948 0.481944 0.032813 0.091667
3 0.451562 0.381944 0.030208 0.093519
3 0.429167 0.534259 0.035417 0.151852
3 0.465104 0.806019 0.036458 0.152778
3 0.630990 0.751389 0.036979 0.147222
3 0.621615 0.517130 0.035937 0.152778
3 0.621354 0.336111 0.028125 0.075926
0 0.507292 0.310185 0.231250 0.420370
10 0.396094 0.118981 0.051562 0.089815
10 0.585417 0.087963 0.063542 0.092593
6 0.319531 0.084259 0.150521 0.166667
6 0.641146 0.066204 0.110417 0.130556
