0 0.490365 0.336574 0.345313 0.460185
3 0.714583 0.147222 0.053125 0.111111
3 0.421354 0.058333 0.056250 0.111111
3 0.239583 0.513426 0.058333 0.160185
3 0.327344 0.891667 0.057813 0.138889
3 0.572917 0.866667 0.054167 0.142593
3 0.538802 0.617130 0.056771 0.150926
3 0.744531 0.391204 0.053646 0.102778
3 0.501042 0.426389 0.046875 0.084259
1 0.413802 0.559259 0.034896 0.222222
1 0.655729 0.599074 0.032292 0.107407
1 0.626563 0.266204 0.039583 0.147222
1 0.331250 0.164815 0.032292 0.133333
6 0.502865 0.105556 0.091146 0.209259
